100 10000
1 87 94
1 87 93
1 22 63
1 91 94
0 12 43
1 74 85
1 99 100
0 61 77
0 40 87
0 40 96
0 35 79
1 2 98
0 18 93
0 57 81
0 42 66
1 45 98
1 82 98
1 87 97
1 19 46
0 52 56
1 89 94
0 35 65
0 15 88
0 44 92
1 66 76
1 75 96
1 38 94
0 29 44
1 29 30
0 5 44
1 14 39
0 41 89
1 18 18
0 25 44
0 84 91
1 73 91
1 40 55
0 70 83
0 65 98
1 56 100
1 47 69
0 23 62
0 79 83
0 25 38
0 25 37
0 100 100
1 100 100
1 5 40
1 41 68
1 29 51
0 59 70
0 82 85
0 73 73
0 26 86
0 100 100
1 40 82
1 39 60
1 36 40
0 16 28
0 30 50
0 86 90
1 89 93
1 44 45
1 91 91
1 97 100
1 40 70
1 23 95
1 48 63
0 91 93
1 58 58
0 92 99
1 82 97
0 39 81
0 22 71
0 13 80
1 86 100
1 28 51
0 61 64
1 45 92
1 56 90
0 94 94
0 27 94
0 54 75
0 14 80
1 63 76
0 20 33
0 18 47
1 38 92
1 44 74
0 26 92
0 19 37
1 56 91
0 31 72
1 34 86
1 74 86
0 96 97
1 66 71
0 12 43
0 97 99
0 64 74
0 60 83
1 33 55
1 99 99
1 77 99
1 53 72
1 60 79
1 54 82
0 39 90
0 68 88
1 33 82
1 51 80
0 55 58
0 82 82
1 21 34
0 82 88
1 97 98
0 35 82
0 16 58
0 96 100
0 98 98
1 27 70
1 52 99
0 11 94
1 91 100
0 32 88
1 100 100
1 55 74
1 7 52
0 91 92
0 38 38
1 29 72
0 88 91
1 71 84
1 13 39
1 65 90
0 55 76
1 42 70
0 71 87
1 40 70
1 53 94
0 90 96
1 14 34
0 50 56
1 94 98
0 19 42
1 27 75
0 94 99
0 63 81
1 3 11
0 27 84
1 41 58
1 32 91
1 92 96
1 25 89
0 87 88
1 95 100
1 40 65
0 31 87
1 50 87
1 12 35
1 88 88
1 44 55
0 25 40
1 64 70
1 5 34
1 35 36
1 54 70
0 88 90
0 6 61
0 12 58
1 4 17
0 22 23
1 44 80
1 29 79
1 1 46
0 88 100
1 90 95
0 7 8
0 18 65
1 21 81
0 95 96
0 72 96
1 60 77
0 72 73
1 90 97
0 34 87
1 71 95
0 16 42
0 40 64
0 91 96
0 22 73
0 35 59
1 57 73
0 40 84
1 62 75
0 97 99
1 42 71
0 41 85
1 84 93
1 97 99
0 19 53
1 99 99
1 73 79
1 67 98
0 48 73
0 87 98
0 4 36
1 8 99
1 55 62
0 35 85
0 98 98
0 98 98
0 76 83
0 41 66
0 100 100
1 36 65
1 47 73
1 41 88
1 37 94
1 82 97
0 84 98
0 68 75
1 34 91
1 33 50
1 24 91
0 48 50
1 23 41
0 44 56
1 67 88
1 41 98
1 28 79
0 70 71
1 99 99
0 69 77
1 74 88
0 74 82
1 30 97
0 43 81
0 10 56
1 55 67
0 60 82
0 74 100
0 85 91
0 72 95
1 59 91
0 27 74
1 66 87
0 34 59
0 28 69
1 70 75
0 6 11
1 66 90
1 91 100
1 1 63
1 33 49
1 18 70
1 70 71
1 93 95
0 31 92
1 21 21
0 39 43
0 31 35
1 9 95
0 9 45
0 46 85
0 88 93
0 97 98
0 40 95
1 15 83
0 24 70
0 16 18
0 54 100
0 55 93
0 59 65
1 42 70
0 61 91
0 56 90
1 40 59
1 7 76
1 12 75
0 66 78
0 77 100
1 17 61
1 71 87
0 9 68
1 67 94
1 47 68
0 97 98
0 89 97
0 2 15
1 29 53
0 26 83
1 3 78
1 50 91
1 36 61
0 100 100
0 90 91
0 95 96
0 66 68
0 59 61
1 83 97
1 59 70
1 60 96
1 14 68
0 61 93
1 44 54
1 63 97
1 57 100
1 70 82
1 91 96
1 15 88
0 58 65
0 24 94
0 27 46
1 95 96
0 85 96
0 6 47
0 68 91
0 91 94
1 2 52
0 11 52
1 89 97
1 37 59
0 29 47
1 76 95
0 57 86
1 20 72
1 81 97
1 45 47
0 71 95
1 59 87
0 6 14
0 31 48
1 59 79
1 8 59
1 80 87
1 7 47
1 5 52
1 2 34
0 49 93
1 1 72
0 9 82
0 88 89
0 63 84
0 60 62
0 73 95
0 45 58
0 38 79
0 29 87
1 85 86
1 84 94
0 1 51
0 90 100
1 7 64
0 100 100
0 12 15
1 27 85
0 33 97
1 19 26
1 32 64
0 87 95
0 18 36
1 59 83
1 54 99
0 81 81
0 86 92
1 75 89
1 71 80
0 19 67
0 43 51
0 85 89
1 36 97
0 7 99
0 14 36
1 55 63
0 11 58
0 41 52
0 72 100
0 90 90
0 40 85
0 51 73
1 87 93
0 77 78
1 10 81
1 33 47
1 57 65
0 25 51
0 45 95
0 73 73
1 68 94
1 49 55
0 29 51
1 60 89
1 7 69
0 9 70
0 4 88
0 8 12
1 27 41
1 65 89
0 87 100
0 24 68
0 33 89
0 88 95
1 52 73
0 93 94
1 99 99
0 78 91
1 80 81
1 87 89
1 62 69
0 48 56
0 37 72
1 59 77
1 18 35
1 41 71
0 28 52
0 83 95
0 93 97
1 48 50
1 51 84
0 4 39
0 56 93
1 22 36
1 12 96
0 40 84
1 37 58
0 27 66
1 51 91
0 23 89
0 58 91
1 96 98
1 76 81
0 81 100
1 64 70
1 63 88
1 97 97
0 56 88
0 8 19
1 79 91
1 83 86
1 70 82
1 24 100
0 80 90
0 28 74
0 16 75
0 77 98
1 98 99
1 9 90
1 18 63
1 51 55
1 41 73
1 42 47
1 39 43
0 6 90
0 51 64
0 68 68
1 17 66
1 25 59
1 21 26
1 89 91
1 98 100
1 97 99
0 38 69
0 67 97
1 49 70
0 97 97
0 63 97
0 33 64
0 36 41
1 93 99
1 51 99
1 70 99
0 13 77
0 48 79
1 50 64
0 65 78
1 16 55
0 13 21
0 91 94
0 18 54
1 48 53
1 24 42
0 2 93
1 63 70
1 85 91
1 43 84
1 13 89
1 12 97
1 20 72
0 92 97
0 88 90
0 5 97
1 95 97
0 30 100
0 18 59
1 66 87
1 75 78
1 72 97
0 81 98
0 35 47
0 31 91
0 83 86
0 15 52
0 53 54
0 91 98
1 22 90
0 21 77
0 11 93
0 10 30
1 76 81
1 28 75
0 100 100
1 2 52
0 3 32
0 76 88
1 66 71
1 6 69
0 18 92
1 61 93
1 30 59
0 34 92
1 58 98
1 91 100
0 81 82
1 51 93
0 81 95
1 4 4
0 41 94
1 82 90
0 15 22
1 10 31
1 76 77
0 32 81
0 72 73
1 76 87
1 25 82
1 90 93
1 29 76
0 73 82
1 67 93
1 71 86
0 25 40
0 84 92
0 51 56
1 85 90
0 80 94
1 8 77
1 86 96
1 11 87
0 13 58
1 87 93
0 81 98
1 12 16
0 85 94
1 28 89
1 38 75
1 2 84
0 88 97
1 31 89
1 11 81
0 60 86
0 4 78
0 56 71
1 83 86
1 74 80
1 62 90
1 11 20
0 67 83
0 89 90
0 66 79
0 29 61
1 69 70
1 27 27
0 63 96
1 32 41
0 50 58
1 1 17
0 15 96
0 43 76
0 14 80
0 78 98
0 25 55
0 72 90
1 79 82
0 80 92
1 80 95
0 3 89
0 30 80
0 64 76
0 11 15
0 65 99
0 88 100
1 59 90
1 47 50
0 1 60
0 80 100
1 30 98
1 17 21
0 37 59
1 34 96
1 33 38
1 49 92
1 4 10
1 64 94
1 20 43
0 88 100
0 39 41
1 15 32
0 71 93
1 34 87
0 24 80
1 96 100
1 20 72
1 19 28
1 56 84
0 5 70
0 29 50
1 24 40
1 94 95
1 5 79
0 79 80
1 69 94
1 85 92
0 95 98
1 95 97
0 54 68
1 45 57
1 68 89
1 10 20
1 99 99
0 17 19
0 83 97
1 54 71
0 25 70
1 48 97
1 64 79
0 58 59
0 76 86
0 4 66
1 30 42
1 95 100
0 25 77
0 46 93
1 22 42
1 52 97
1 92 95
1 79 98
1 54 91
1 43 97
1 90 95
1 44 87
1 17 80
0 68 83
0 29 75
1 24 76
1 35 73
1 40 83
1 95 97
0 14 58
1 95 96
1 22 67
0 87 92
0 86 88
0 81 82
1 92 100
0 70 92
1 29 70
0 98 98
0 75 82
0 19 31
0 44 77
0 56 76
0 20 37
1 37 95
1 45 77
1 20 67
0 64 97
0 22 79
1 65 72
1 42 100
1 17 88
0 5 15
1 100 100
0 66 82
0 61 95
1 82 97
1 55 90
1 69 88
1 66 68
0 84 84
0 35 39
1 54 84
0 62 79
1 11 75
0 100 100
0 51 74
0 97 100
1 36 65
0 84 92
0 88 94
0 80 99
1 32 68
0 75 96
0 43 59
1 31 85
0 13 19
1 58 73
0 74 85
0 3 47
0 32 75
1 24 67
1 23 98
0 58 82
0 67 93
1 3 27
1 73 96
0 61 82
1 88 94
0 45 54
1 64 72
0 65 74
0 30 46
0 52 81
0 22 93
0 49 85
1 2 72
0 73 97
1 86 89
0 46 82
1 43 54
0 84 86
1 58 78
1 6 62
1 60 85
1 32 88
0 25 37
1 11 38
1 11 11
0 28 30
0 3 35
1 38 65
0 49 53
1 33 46
1 95 99
1 66 69
0 5 16
1 41 44
0 62 72
0 40 88
1 19 33
0 49 64
0 68 69
0 64 72
0 79 98
1 83 97
0 13 82
0 13 45
0 80 86
0 79 83
1 11 74
1 48 85
0 74 79
1 92 92
0 42 83
1 36 45
1 48 71
0 58 71
1 94 99
1 2 80
1 94 95
0 58 86
0 51 90
1 34 77
1 27 74
0 33 44
0 26 45
1 54 95
1 7 26
0 100 100
0 55 83
1 95 99
1 18 24
0 73 79
1 47 97
0 73 81
1 62 67
0 21 54
1 40 66
1 42 82
1 5 80
1 57 58
1 70 90
0 32 37
1 61 98
0 44 51
0 83 89
0 57 92
0 37 39
0 41 99
0 98 99
1 21 22
1 9 30
1 49 66
1 97 99
0 50 90
1 13 51
1 86 97
1 33 81
0 43 62
1 49 93
1 92 99
1 2 48
0 91 93
0 85 97
1 52 74
1 25 78
0 75 90
0 87 95
0 13 37
0 9 70
1 53 82
1 4 59
1 78 96
1 55 90
0 40 67
0 52 86
0 10 50
0 5 58
1 50 63
0 31 92
1 42 50
1 76 100
1 34 88
0 55 74
1 76 76
0 6 42
1 13 77
1 12 99
1 81 86
1 87 90
1 91 98
1 3 32
0 60 83
0 63 94
0 16 26
0 66 77
0 83 99
1 47 62
1 2 79
1 11 40
1 13 98
0 28 53
0 45 74
0 35 71
0 56 86
1 51 84
0 97 99
1 77 81
0 72 99
1 51 51
0 78 88
0 58 99
0 15 33
1 37 100
1 93 95
0 56 58
1 63 93
0 31 50
0 88 88
0 84 93
1 94 95
0 92 92
1 4 51
1 82 85
0 1 51
0 97 99
0 66 95
0 19 64
0 54 98
1 8 79
0 21 63
0 73 98
0 77 95
1 74 98
1 68 68
0 31 62
1 19 46
1 41 98
1 30 70
0 67 91
1 9 33
0 2 61
0 96 100
0 79 89
0 23 46
0 100 100
0 30 58
1 72 95
0 97 97
1 98 98
0 79 89
0 31 70
1 82 93
1 20 87
1 67 99
1 16 18
1 62 97
0 54 73
0 6 51
1 86 91
0 15 56
1 39 93
0 20 42
1 97 98
0 58 88
1 2 81
0 95 97
0 11 46
0 20 34
0 21 66
0 67 98
1 52 65
0 5 73
0 3 86
0 16 31
0 64 83
0 47 74
0 8 40
1 37 95
0 61 87
1 49 67
0 35 100
1 17 72
0 65 89
0 8 35
1 34 45
0 73 82
0 36 77
0 96 98
1 38 56
0 76 94
1 41 100
0 56 93
1 3 34
1 27 69
1 3 31
1 75 100
1 89 93
1 29 92
1 36 36
0 39 69
1 65 73
0 51 67
1 1 38
0 8 73
1 26 45
1 29 44
0 17 36
1 97 99
0 68 90
0 15 69
1 47 87
0 69 87
1 28 52
1 26 34
0 66 94
0 96 97
0 45 65
0 54 76
1 77 94
1 13 94
0 91 100
0 87 87
0 10 95
1 8 80
0 87 88
0 40 73
0 85 97
0 86 92
1 7 67
1 70 84
0 10 12
1 33 75
1 73 78
1 93 98
0 89 92
0 7 13
1 90 94
1 36 78
1 20 87
0 83 85
1 87 90
0 76 78
0 16 69
1 74 74
1 18 86
1 80 83
0 72 99
1 6 29
0 73 88
1 82 85
0 77 94
1 75 80
1 92 98
0 6 31
0 65 90
0 32 67
1 83 97
0 93 97
0 63 86
0 89 96
1 1 6
1 15 43
0 37 83
0 77 77
0 31 55
1 15 28
0 60 81
1 17 47
1 60 83
0 4 12
0 81 90
0 98 100
1 4 32
0 43 69
1 73 73
0 17 34
0 48 77
0 23 34
0 35 96
0 87 88
0 14 35
0 56 59
1 39 41
0 52 60
0 85 86
0 61 87
1 96 98
1 24 25
1 88 95
1 63 70
1 23 47
0 10 64
0 49 68
1 53 59
0 41 76
1 20 23
1 49 98
0 66 94
0 12 26
1 75 94
0 5 85
1 72 94
0 44 72
1 40 46
0 54 91
0 17 55
1 55 66
0 64 75
1 46 85
0 30 52
1 67 98
0 63 94
0 72 100
1 38 39
0 55 74
1 76 83
0 87 87
1 5 36
0 67 81
0 90 91
1 75 95
1 52 69
0 69 94
1 24 58
0 84 84
0 95 97
1 46 51
1 39 59
0 96 99
0 58 62
1 31 92
1 5 18
0 39 47
0 92 92
0 9 42
0 18 26
1 31 73
0 74 92
0 91 97
0 97 97
0 64 100
1 78 99
0 16 72
1 7 29
0 74 94
0 62 68
0 4 4
1 95 99
0 17 90
0 57 92
1 80 83
1 8 58
0 62 84
1 56 88
0 75 94
1 30 77
1 81 88
1 75 88
0 68 68
0 73 75
1 52 89
0 99 99
0 76 85
1 61 73
1 80 86
0 6 31
0 1 62
1 70 91
0 50 51
0 72 78
1 56 84
1 80 83
0 83 89
0 89 94
0 93 93
0 34 73
0 16 95
1 1 83
1 41 75
0 37 42
0 70 71
0 76 86
0 95 100
1 5 19
0 31 73
0 70 77
1 18 23
1 22 56
1 82 100
1 1 79
1 19 43
0 75 96
0 67 81
1 24 37
1 5 19
1 86 86
0 12 87
1 15 87
1 23 57
1 13 31
1 75 94
1 25 66
0 87 100
1 72 99
1 47 58
0 85 95
0 93 93
0 11 17
0 91 93
0 96 99
0 42 88
1 15 26
0 42 45
1 19 66
0 34 72
1 62 95
1 79 90
1 3 65
1 61 78
0 12 92
1 76 85
0 66 87
0 18 30
0 96 98
0 14 58
1 59 60
0 43 99
1 77 80
1 88 89
0 99 99
0 8 100
1 28 88
1 83 91
1 98 98
1 38 92
0 10 76
1 81 95
0 67 70
1 84 98
1 99 99
1 71 85
0 65 69
1 18 85
1 18 44
0 14 53
0 88 89
0 20 79
0 25 36
0 87 100
1 44 65
0 73 78
1 29 91
1 37 78
0 58 61
1 32 76
0 72 98
1 61 84
0 88 91
1 76 93
1 9 100
1 33 75
1 57 65
1 56 62
0 17 45
1 56 66
1 34 85
1 90 99
1 16 16
0 72 77
1 40 74
0 95 96
0 54 87
1 73 96
0 9 81
1 44 55
0 79 86
1 21 66
0 49 93
1 22 99
0 70 93
1 82 82
1 20 77
1 75 80
0 77 84
0 33 43
1 24 50
1 71 81
1 36 74
0 88 92
0 55 68
0 78 97
0 60 68
0 55 57
1 62 94
0 19 48
1 53 78
1 23 31
1 80 84
0 63 90
0 38 44
0 71 78
1 36 89
0 5 56
1 33 88
1 25 45
1 91 98
0 10 62
1 92 97
0 68 81
1 51 82
0 54 56
1 89 94
0 53 86
0 50 90
0 63 67
1 96 98
1 72 72
1 72 100
0 88 88
1 32 54
0 51 77
0 32 88
1 57 71
0 73 93
1 82 87
1 76 90
1 29 65
1 32 65
1 82 88
1 53 88
1 99 100
0 17 37
0 97 97
0 55 93
1 85 100
0 62 63
0 63 95
0 100 100
1 87 94
0 17 21
0 45 69
1 90 99
0 82 93
0 79 80
0 91 99
0 76 83
1 61 71
0 53 97
0 30 67
1 70 96
1 41 88
1 95 98
1 25 84
0 6 7
0 10 73
0 92 95
0 60 89
1 39 70
0 60 85
1 38 44
0 52 59
1 16 50
0 62 64
1 89 91
0 98 100
1 1 51
1 18 55
0 23 55
1 79 96
1 22 67
0 83 91
0 24 47
0 53 81
1 82 85
1 98 100
1 39 71
0 42 83
0 42 43
0 8 52
0 26 100
0 98 99
0 89 92
0 15 100
1 87 93
1 98 98
0 1 3
0 15 46
1 5 32
0 12 67
0 54 55
0 39 78
1 7 29
0 29 78
1 24 53
0 21 65
1 24 62
1 21 41
1 52 78
1 19 64
0 25 42
0 98 99
1 71 92
0 19 95
1 74 90
0 33 39
0 9 94
0 13 52
0 43 56
0 20 51
1 11 22
0 37 65
0 55 80
1 17 66
0 55 98
0 11 58
1 91 93
1 29 34
1 7 22
1 97 99
0 30 77
0 73 82
1 45 65
0 54 75
1 82 82
0 2 75
1 57 95
0 46 53
1 70 77
1 3 14
0 67 95
1 93 94
0 10 66
1 92 99
1 39 94
0 85 89
0 60 66
1 77 94
1 75 84
0 76 100
1 43 93
0 61 98
0 33 63
1 74 98
1 93 100
1 46 95
1 92 93
1 69 72
0 67 95
0 66 74
1 11 25
0 8 30
1 55 69
0 20 61
1 88 92
1 5 91
1 85 89
1 20 62
0 82 86
0 90 100
1 40 82
0 100 100
0 93 95
1 71 85
0 7 39
0 96 96
1 27 69
1 66 81
1 12 47
1 77 85
0 10 45
0 25 97
1 58 76
0 24 44
1 89 100
0 81 91
1 42 42
1 93 98
0 34 89
1 56 100
1 23 27
1 46 71
0 35 47
1 86 99
0 40 96
0 73 100
1 54 58
0 31 100
0 24 74
1 86 90
1 83 90
0 91 95
0 17 50
0 33 62
1 47 98
1 26 33
1 4 42
0 85 98
1 41 76
1 81 82
1 73 87
1 94 97
0 85 91
1 5 52
0 29 84
0 72 89
0 74 84
0 93 99
1 34 59
1 34 64
1 42 44
1 51 67
0 47 92
1 75 100
1 51 98
0 36 89
0 23 66
1 66 76
1 63 85
0 44 76
1 70 75
0 91 96
0 50 80
0 45 55
0 67 81
0 57 58
0 46 91
0 40 75
0 64 72
1 77 77
0 62 63
0 42 83
0 90 97
1 48 100
1 4 90
0 85 93
0 71 74
1 54 99
0 87 100
0 24 99
0 7 50
1 10 92
1 46 58
0 73 77
1 65 82
0 41 44
0 76 76
0 76 83
0 16 48
0 20 60
1 53 80
1 10 51
1 5 35
1 34 94
0 38 59
1 14 86
1 16 59
1 59 93
0 27 59
1 65 78
0 97 98
0 66 78
0 39 42
1 62 91
1 44 94
1 62 81
1 91 98
1 40 62
1 87 97
0 47 51
0 41 95
0 82 89
1 76 80
1 25 29
1 38 62
1 82 82
0 98 99
1 10 31
1 90 96
0 44 90
0 52 77
0 89 98
1 79 97
0 40 79
1 81 90
1 94 99
1 49 57
0 76 79
1 82 99
1 6 35
1 42 54
0 65 94
1 56 95
0 14 22
0 21 51
1 25 81
0 6 39
0 19 37
0 76 98
1 36 50
1 9 50
1 3 47
0 97 98
1 65 91
1 39 72
1 27 46
0 50 94
0 98 98
0 6 98
0 85 88
1 34 66
0 58 68
1 52 52
0 47 85
0 29 42
0 24 28
0 34 60
1 12 17
0 29 66
1 86 98
1 46 64
1 93 99
0 92 100
0 52 91
0 100 100
1 37 78
1 42 70
1 28 61
0 96 98
0 43 80
1 12 16
0 24 25
0 37 85
0 84 88
1 25 94
1 62 99
1 3 60
1 87 96
1 31 85
1 19 69
1 33 45
0 73 76
0 66 76
1 53 91
1 82 87
0 24 24
0 44 87
0 88 95
0 78 99
1 78 95
1 85 89
1 16 97
0 22 26
0 45 96
1 27 76
1 25 85
0 98 98
1 28 41
0 65 99
0 10 92
0 89 96
1 68 72
1 70 100
0 66 74
0 58 73
1 24 57
1 74 75
0 96 98
0 45 64
1 7 34
0 33 69
1 33 76
1 39 51
0 24 86
0 42 83
0 86 95
0 57 85
0 50 69
1 42 75
0 74 82
1 6 90
0 88 99
0 85 86
0 22 79
0 97 97
1 77 83
0 81 83
1 70 83
1 4 13
1 14 74
0 91 97
0 47 56
0 38 89
0 38 57
1 17 67
0 25 53
1 44 95
1 77 99
1 9 63
1 92 98
1 31 50
0 74 96
0 3 53
0 66 74
0 12 17
1 38 81
1 24 91
1 99 100
0 60 76
0 56 61
1 75 75
0 70 85
0 97 100
0 85 91
0 64 86
1 56 94
0 5 14
0 100 100
1 8 29
0 43 96
1 18 18
1 76 78
0 38 86
1 26 43
1 97 98
0 55 55
0 79 83
1 5 59
0 100 100
1 82 83
0 65 90
0 43 96
0 66 68
0 32 50
1 72 95
0 33 45
0 32 72
1 42 88
0 31 31
1 56 96
0 24 93
0 6 24
1 5 95
1 47 92
1 41 71
1 38 85
1 96 96
0 85 92
0 83 86
1 22 78
0 15 100
1 52 73
0 71 94
1 82 99
0 89 90
0 64 76
1 37 68
0 4 55
1 27 79
0 97 100
0 47 98
0 81 88
1 29 86
1 2 74
1 60 87
0 99 99
0 47 96
0 27 29
0 14 68
1 42 91
1 17 93
0 20 100
1 90 100
0 4 45
0 29 37
0 53 83
0 77 90
0 10 42
0 52 63
1 74 87
1 99 100
0 16 39
1 38 77
0 78 96
1 88 99
1 41 86
1 4 61
1 68 71
1 9 38
1 85 89
1 81 86
1 72 99
0 39 99
1 61 66
0 39 50
1 4 34
1 79 87
0 29 36
0 31 98
0 31 64
1 17 91
0 15 65
1 65 88
1 52 89
0 55 86
1 2 96
0 89 89
1 31 57
0 79 99
0 61 85
0 98 98
1 50 96
1 65 69
1 17 97
0 90 95
1 86 97
0 79 82
0 62 68
1 82 99
1 43 46
0 80 80
1 67 86
1 35 48
1 12 37
0 20 52
1 73 76
1 50 76
0 98 98
1 66 92
1 74 96
0 72 72
1 36 57
1 1 5
0 14 62
1 36 38
0 40 79
1 31 79
0 28 68
1 20 32
0 67 94
0 79 88
0 95 100
1 13 13
0 48 51
1 39 81
0 70 99
1 4 7
0 69 94
0 15 89
1 61 88
0 73 73
0 6 11
0 67 94
0 81 87
1 82 86
1 85 98
0 38 78
0 80 85
0 6 51
1 52 71
1 24 58
1 5 95
0 42 88
1 27 65
0 29 96
1 51 51
0 29 79
1 13 21
0 15 94
1 86 97
0 1 54
0 39 47
1 26 92
0 92 97
0 70 85
1 96 98
0 10 52
1 50 70
0 12 25
1 72 85
0 16 26
0 2 62
1 64 89
0 70 96
1 2 5
0 27 69
0 80 88
1 5 75
0 82 83
1 1 58
0 46 69
1 41 71
1 87 93
0 83 84
1 51 52
1 45 46
0 85 92
0 24 73
0 61 90
1 88 96
0 48 92
1 90 95
0 48 84
1 35 53
0 68 85
0 69 77
1 28 41
0 62 70
0 14 57
1 10 51
1 57 87
0 91 91
0 32 59
0 55 100
1 50 50
0 77 81
1 66 70
1 90 97
0 56 58
0 46 59
1 95 97
0 36 77
1 96 99
0 23 49
1 17 68
1 6 58
1 36 54
1 72 83
0 69 77
1 28 53
0 93 100
0 43 100
0 52 63
1 20 80
0 78 91
1 31 56
1 53 93
0 24 61
0 100 100
0 7 62
1 6 7
1 10 96
0 88 97
0 18 59
0 99 99
1 37 86
0 55 70
0 79 98
0 10 94
0 63 99
1 48 55
1 58 89
0 57 95
0 95 97
0 7 68
0 30 61
1 11 34
1 15 32
0 63 86
0 69 77
1 27 65
1 36 86
1 33 33
0 81 100
0 33 51
0 94 97
0 82 97
1 83 98
1 57 68
0 25 41
0 49 90
1 21 33
1 10 13
0 58 79
1 65 97
0 60 95
1 72 84
0 48 75
1 68 100
0 1 12
0 59 60
0 56 56
1 42 57
0 10 83
1 53 93
0 77 77
1 65 89
1 93 98
1 39 42
1 62 65
1 85 97
0 7 85
1 74 96
0 24 64
0 71 78
0 12 99
1 76 98
1 21 57
0 12 30
1 92 95
0 22 77
1 13 66
1 95 98
0 84 93
0 64 100
1 30 91
0 4 56
1 10 72
0 11 89
0 35 96
1 4 9
0 32 94
1 74 84
1 36 50
0 4 49
0 33 91
0 88 98
0 27 60
1 7 46
0 36 50
0 60 90
0 41 92
1 44 92
1 28 83
1 15 80
0 12 49
0 24 69
1 43 70
0 55 61
1 46 51
1 86 94
0 81 85
1 8 67
0 22 99
1 86 99
1 61 73
1 51 84
1 95 100
0 67 96
0 58 93
0 83 100
1 40 40
1 62 83
1 26 58
0 35 86
0 36 73
1 78 95
0 57 76
1 38 58
0 63 81
0 14 26
0 93 93
0 53 95
0 18 30
1 76 94
0 13 66
0 68 94
1 54 85
0 89 92
0 44 73
1 37 37
0 36 56
1 26 77
1 34 76
1 44 76
0 95 97
1 49 68
0 68 78
1 65 72
0 48 78
0 43 50
0 54 77
1 21 59
1 65 90
0 95 99
0 63 100
0 38 41
0 78 100
1 94 98
0 2 49
0 92 92
1 83 91
1 76 88
1 25 40
1 87 91
1 26 42
0 31 85
1 65 92
0 61 61
0 52 53
1 15 90
0 53 64
1 64 85
0 9 15
0 56 79
0 29 70
0 89 92
1 16 44
0 30 33
1 34 87
0 75 95
1 75 75
1 2 9
0 93 99
0 94 97
1 84 94
1 92 99
1 67 69
1 25 97
0 41 62
1 11 70
0 24 29
0 7 96
0 68 75
1 45 85
1 19 71
0 24 39
1 48 87
1 41 52
0 98 99
0 50 66
0 29 34
0 35 38
0 15 53
1 42 80
0 90 99
1 28 37
1 62 64
0 96 96
0 14 48
1 55 95
1 63 79
1 49 58
1 85 97
1 83 99
0 13 47
0 46 85
0 41 82
1 2 88
0 61 88
1 69 78
1 86 91
0 67 87
0 75 77
0 61 76
0 20 40
0 98 99
1 81 83
1 14 58
0 23 59
1 3 14
1 99 99
1 83 91
0 21 71
1 4 70
0 39 43
1 71 97
1 35 64
0 60 72
1 26 63
1 47 81
0 60 84
1 90 100
0 100 100
0 4 82
0 22 63
1 100 100
1 32 37
1 16 53
1 64 76
1 39 48
0 91 92
1 100 100
1 97 98
0 57 99
0 16 62
1 86 86
1 50 97
0 42 68
0 21 57
1 61 74
0 41 58
1 85 95
0 72 81
1 71 92
1 16 49
1 1 19
1 23 75
1 94 100
0 33 37
1 81 96
0 50 81
0 48 52
0 72 85
0 42 85
0 69 79
0 40 92
1 66 98
0 74 91
1 80 85
1 5 78
1 41 46
0 71 86
1 98 98
0 67 87
1 6 53
1 29 37
1 41 66
1 26 57
1 94 100
1 98 99
1 73 96
1 17 89
0 59 68
0 33 40
0 59 86
0 55 76
1 12 96
0 28 68
1 42 58
1 55 69
0 80 88
0 65 98
0 95 97
1 92 94
0 54 58
0 3 80
0 74 80
1 97 100
1 81 96
0 72 81
1 2 35
0 10 89
0 13 62
1 84 98
1 79 94
1 64 88
1 73 73
1 48 75
1 53 79
0 100 100
0 32 92
0 67 85
1 62 94
0 90 97
1 48 91
0 4 31
1 5 86
0 32 59
1 65 84
1 96 99
0 32 68
1 93 98
1 98 100
0 74 99
1 68 72
1 90 95
0 57 94
0 9 47
1 42 94
0 50 74
1 13 88
0 44 46
1 24 96
0 43 68
0 33 44
0 29 100
0 91 92
1 92 94
1 41 62
1 82 83
0 87 88
0 78 99
0 90 90
0 76 85
1 48 74
1 46 98
1 96 96
0 73 74
0 63 72
1 97 100
1 33 87
0 24 60
0 69 76
0 8 73
0 3 79
1 77 77
1 62 71
1 35 67
0 58 100
1 44 55
1 37 77
0 55 85
0 86 95
1 90 99
1 47 98
0 42 96
0 50 78
0 46 96
1 82 91
0 52 99
1 74 98
0 92 92
1 17 66
0 36 94
1 48 51
1 93 95
1 93 93
1 83 92
1 79 89
0 26 94
1 34 92
0 51 86
0 41 84
1 60 81
0 76 86
0 78 80
0 76 79
0 100 100
1 11 62
0 97 97
1 59 66
0 3 5
0 45 97
0 96 96
1 28 61
0 46 56
1 22 91
1 26 59
0 80 97
0 88 99
0 77 95
0 49 76
1 38 97
0 82 85
0 33 35
1 66 97
0 97 97
1 2 14
1 28 79
1 74 81
1 65 99
1 87 91
0 42 97
1 70 76
0 75 88
0 3 57
1 79 87
0 70 95
0 45 75
0 70 83
0 29 40
1 75 88
1 14 85
1 22 84
1 8 58
1 17 95
0 84 84
0 87 96
0 10 35
0 84 94
0 77 98
1 28 96
1 63 88
1 91 92
1 7 21
0 62 65
1 25 45
0 6 7
0 73 97
1 2 81
0 29 45
0 60 70
0 88 92
0 42 69
1 8 11
0 72 75
0 14 23
0 67 96
0 43 86
1 12 65
0 56 72
0 73 97
0 18 38
0 85 89
0 70 75
0 6 17
0 28 28
0 88 90
1 95 99
1 99 100
0 1 40
0 77 83
1 78 99
1 56 99
0 14 21
1 78 96
0 6 90
0 65 79
1 21 38
0 68 90
1 70 96
1 12 51
1 1 1
1 14 21
1 91 98
0 25 96
1 40 86
1 7 75
0 76 93
1 49 88
1 60 91
0 60 91
1 73 95
0 15 48
1 60 73
0 3 79
1 91 94
1 77 99
1 16 68
0 78 80
1 11 40
1 35 36
1 65 83
1 71 74
1 93 96
1 87 90
1 14 82
1 72 82
0 67 81
0 85 91
0 87 100
0 14 78
1 6 43
0 9 14
1 86 90
1 69 86
0 13 28
0 99 100
0 86 93
0 5 8
1 94 97
0 42 86
1 46 94
1 29 76
0 3 51
1 88 96
1 2 32
0 81 89
1 69 77
1 13 86
0 74 80
1 2 7
0 56 58
1 95 99
1 50 78
1 3 42
1 53 67
0 27 68
0 3 76
1 10 70
1 32 39
0 46 49
1 72 82
1 22 70
0 51 85
1 92 92
1 67 67
1 77 98
1 6 48
1 13 92
1 72 79
0 49 50
1 40 97
0 48 85
0 15 38
0 15 43
0 36 48
1 41 60
0 84 97
1 39 93
1 97 97
1 68 69
0 64 95
1 89 100
1 14 85
1 83 99
0 82 88
0 90 95
0 65 92
1 65 81
1 33 70
1 55 94
1 33 50
0 13 89
0 26 58
0 21 92
1 68 90
0 17 52
0 49 65
1 35 54
1 35 87
0 13 51
1 13 28
0 70 81
1 14 42
0 94 98
1 57 84
1 11 64
1 49 92
1 51 61
1 30 36
1 10 31
0 51 60
0 100 100
0 85 90
0 78 97
0 44 55
0 23 36
1 100 100
1 63 92
0 64 90
1 2 16
0 61 99
0 69 69
0 53 88
0 52 63
1 82 100
0 70 95
1 70 85
0 85 97
0 92 92
0 19 72
0 14 41
0 85 93
1 79 86
0 97 99
0 13 56
0 15 59
0 90 94
0 54 69
0 26 35
1 90 98
1 81 84
0 52 70
1 28 41
0 49 87
0 54 55
1 79 89
0 21 79
1 81 96
1 54 63
1 7 90
1 75 90
1 20 95
1 77 78
0 46 57
0 26 54
0 56 76
1 64 97
1 69 73
0 29 48
0 92 97
1 71 71
1 78 99
0 47 62
0 30 31
0 2 49
0 16 50
0 25 93
1 10 62
1 41 90
1 97 98
0 98 99
0 45 46
0 68 90
0 83 85
1 34 69
0 3 93
1 82 87
1 83 88
0 85 91
0 66 83
1 79 100
0 73 86
1 1 3
0 22 38
0 53 64
1 3 14
0 87 95
1 92 92
1 24 41
0 81 93
1 13 67
0 5 19
1 16 70
0 51 55
1 6 15
0 53 88
1 80 97
0 35 65
1 52 58
0 64 88
0 4 38
1 21 92
0 78 82
1 82 97
1 77 100
0 3 16
1 61 63
1 76 76
0 92 94
1 35 54
0 59 98
0 62 99
0 29 70
0 19 29
1 46 72
0 73 99
0 68 98
0 13 62
1 62 89
0 86 94
1 72 93
0 62 82
0 36 36
1 4 48
1 75 82
0 93 96
0 31 41
1 23 83
1 85 94
1 27 98
0 80 87
1 84 87
1 18 22
1 88 89
0 34 98
0 63 91
1 1 96
0 25 61
0 46 88
1 9 41
0 31 71
0 100 100
0 12 49
1 42 78
1 17 91
1 27 77
1 61 77
0 28 79
0 75 86
0 41 80
0 5 38
1 57 70
1 43 48
1 11 90
0 37 66
1 97 98
0 20 62
1 7 7
0 53 78
0 54 72
1 20 82
0 32 76
0 34 86
0 10 41
1 54 55
0 96 96
0 66 98
1 10 36
1 34 83
0 54 84
1 19 90
1 84 86
1 28 33
1 46 98
1 74 90
0 83 83
0 55 66
1 87 94
1 2 49
1 93 95
1 48 73
0 58 91
1 62 80
1 36 69
1 93 94
1 40 54
1 82 85
0 40 75
0 72 74
0 92 97
1 87 89
0 90 94
1 66 75
0 11 67
0 75 90
1 79 81
0 76 99
1 14 94
1 43 62
0 3 77
0 89 99
0 39 70
1 72 97
0 63 63
1 36 75
1 19 77
1 83 94
0 23 94
0 25 44
0 63 66
1 79 84
0 76 89
1 89 98
1 21 83
1 57 70
0 9 22
1 74 99
1 31 72
0 47 47
1 70 89
1 1 20
0 84 95
1 36 66
1 86 99
1 11 71
1 57 69
0 27 99
0 15 37
0 86 95
1 18 56
0 83 91
1 49 86
0 74 97
0 62 97
1 45 55
1 27 54
1 35 62
1 69 95
0 99 100
0 1 19
1 79 95
0 53 96
1 32 96
0 41 92
1 46 85
0 72 100
0 91 99
0 91 99
0 6 19
0 8 49
0 64 98
1 60 84
0 75 80
1 74 89
0 70 83
0 20 85
1 70 71
0 52 92
0 28 82
1 9 42
1 63 68
0 94 95
1 7 55
0 84 84
1 69 96
1 100 100
1 40 55
0 82 95
0 100 100
0 1 65
0 98 99
0 67 93
0 70 98
0 36 55
1 52 72
1 4 61
0 68 82
1 90 100
1 67 86
1 70 96
0 87 87
0 59 90
1 42 93
1 26 61
1 60 74
0 35 95
0 51 70
0 13 66
0 51 68
0 34 38
1 72 78
1 50 98
1 15 34
0 94 96
0 88 100
1 78 100
0 62 78
0 15 37
1 15 41
1 21 47
1 92 92
0 59 70
1 87 91
0 83 85
1 91 95
1 76 77
1 95 98
0 39 64
1 12 87
1 28 91
1 62 80
0 85 100
0 31 62
0 62 70
1 5 97
0 11 12
1 74 81
1 40 47
0 82 83
1 7 41
0 13 40
0 43 57
1 60 92
0 56 100
1 17 53
0 99 100
1 98 99
0 39 59
1 57 68
0 25 59
1 19 82
1 74 84
0 50 84
1 63 100
0 62 69
0 43 98
1 32 69
1 72 73
1 96 96
1 79 88
1 14 83
1 35 84
0 64 84
1 77 92
0 27 64
0 51 72
1 34 50
0 29 63
1 38 49
0 87 97
0 28 97
0 14 15
0 49 93
1 26 43
1 97 99
0 74 77
1 47 69
1 71 96
1 25 61
0 92 94
0 25 89
1 38 70
0 83 91
1 11 61
0 44 77
1 40 46
0 52 92
1 29 80
0 66 72
1 35 96
0 35 86
1 45 45
1 43 88
1 19 28
0 65 87
1 8 53
0 40 87
1 5 74
0 52 88
0 37 43
0 67 100
1 72 79
1 4 18
0 64 70
0 3 8
1 59 72
0 20 70
0 93 95
0 61 74
1 28 62
0 49 84
1 41 55
1 13 25
1 5 89
0 15 90
1 62 98
1 8 78
0 16 89
1 80 88
1 17 63
0 25 46
1 17 53
0 29 77
1 33 99
1 46 86
1 33 90
0 21 40
1 24 69
1 32 66
0 49 62
1 98 99
1 100 100
0 92 95
1 47 67
1 60 100
0 73 97
0 94 97
0 67 98
0 20 27
0 5 84
0 77 95
0 80 94
0 56 99
1 3 95
1 94 99
1 86 99
1 78 89
1 59 62
1 89 96
1 47 75
0 87 93
1 85 96
0 54 61
0 82 95
0 89 95
1 18 24
0 1 47
1 53 53
0 34 66
1 73 98
1 25 91
0 94 98
0 53 80
1 30 81
1 21 85
1 74 91
1 35 55
1 47 84
0 14 76
1 78 83
0 41 87
1 20 97
1 40 43
0 79 85
0 13 40
1 60 97
1 95 97
0 88 92
0 15 54
1 50 86
1 39 50
0 53 93
1 6 25
0 91 95
1 4 75
1 29 36
0 85 85
1 89 90
0 54 62
0 44 45
0 55 79
0 26 58
0 3 14
1 70 94
0 52 79
0 56 86
1 1 71
1 90 94
1 38 81
1 32 55
0 62 76
0 40 76
1 59 79
0 3 67
0 84 91
0 44 77
1 72 100
0 49 98
1 43 90
0 47 79
1 50 86
0 68 77
0 58 62
0 38 78
0 49 68
0 67 77
1 14 78
1 11 37
1 91 92
0 8 24
1 93 100
1 29 100
0 97 97
1 37 60
1 68 74
0 85 92
1 98 99
1 25 37
0 9 37
0 17 89
0 82 88
1 14 69
1 77 93
1 84 98
0 29 95
0 45 72
0 88 88
1 86 95
0 87 93
1 3 64
1 65 92
0 65 90
1 56 72
1 28 82
1 36 52
1 81 96
0 27 87
1 37 80
0 44 94
1 19 50
0 75 99
1 29 48
1 94 99
0 74 99
0 79 94
0 95 97
0 11 98
0 77 78
0 76 78
1 48 57
1 47 88
0 49 59
0 22 90
0 62 73
0 42 64
1 76 78
0 31 34
1 77 94
0 69 79
0 86 99
1 75 98
1 99 100
1 42 93
0 15 19
1 95 96
1 53 82
1 59 85
0 68 83
1 54 94
0 40 71
0 21 53
0 23 78
1 7 52
1 2 19
1 94 97
0 49 57
0 42 84
1 12 66
1 82 92
0 96 99
1 28 64
0 9 34
0 65 81
1 80 96
0 16 57
1 15 73
1 25 59
0 84 99
1 78 86
0 12 42
0 97 98
0 20 23
1 70 79
0 18 61
1 57 78
1 47 59
0 53 71
0 31 78
1 77 93
0 89 97
1 42 66
1 98 98
0 46 56
1 17 38
0 78 100
1 68 79
1 61 84
0 79 99
0 96 97
0 93 97
0 40 97
0 59 85
0 55 57
1 54 93
0 85 100
0 54 58
0 42 93
1 22 48
1 31 41
0 61 77
1 28 94
1 12 100
1 11 14
1 98 100
1 20 22
0 82 100
0 40 96
1 19 63
0 11 74
1 65 95
1 17 90
0 36 61
1 96 99
1 31 72
0 96 97
0 8 23
0 46 81
1 76 80
0 25 60
1 62 94
0 38 63
1 95 96
1 49 70
0 49 79
1 70 94
0 71 85
1 75 95
0 83 95
0 80 94
1 97 97
1 22 38
0 30 93
1 38 41
0 8 54
0 24 62
0 93 98
1 68 86
0 96 97
0 90 94
0 23 31
1 71 99
0 46 84
1 86 88
0 91 93
1 61 95
0 56 70
0 1 31
1 7 14
0 6 20
1 71 100
1 13 88
1 55 80
0 15 79
0 26 87
1 97 98
1 4 11
0 73 77
1 80 93
1 5 9
0 15 29
1 34 56
1 39 87
0 27 41
0 81 85
0 71 99
1 48 50
0 60 67
1 39 66
0 94 97
1 31 72
1 80 90
1 7 34
0 88 98
1 2 69
0 81 96
1 12 85
0 38 100
1 7 59
1 92 92
1 64 89
0 65 97
0 23 44
1 34 74
1 41 52
1 84 93
1 42 89
1 78 100
1 19 48
1 42 91
1 75 94
0 99 100
1 41 67
0 11 57
1 86 89
1 89 91
0 7 32
0 73 82
0 82 84
1 69 97
0 5 64
0 22 44
1 45 97
1 27 75
0 27 46
1 8 42
0 43 74
1 18 28
1 18 24
1 23 87
1 96 96
1 3 34
0 75 82
0 87 94
0 25 46
0 7 30
1 100 100
0 25 76
0 85 85
1 97 97
1 28 74
1 66 80
1 41 49
0 67 68
1 62 84
1 83 86
0 49 51
1 55 99
1 34 72
0 100 100
0 97 97
0 92 95
0 99 99
0 20 89
1 34 42
1 75 86
0 10 91
1 74 93
1 78 78
0 10 72
1 68 69
1 64 98
1 16 16
1 92 99
0 59 99
0 47 60
0 51 97
0 31 66
1 74 76
1 11 63
0 27 99
0 62 63
0 98 98
1 42 95
0 68 76
1 61 83
0 50 81
1 26 97
0 33 67
1 10 50
1 58 76
0 19 70
1 39 41
0 14 14
1 62 96
1 54 68
0 21 25
1 70 98
0 64 85
0 30 56
0 59 94
0 41 59
1 32 67
0 72 97
1 39 61
1 63 63
1 4 75
1 49 81
0 92 100
1 47 92
1 76 82
0 81 95
1 20 46
1 66 93
1 14 22
1 84 98
1 38 59
1 95 97
0 16 22
1 42 82
1 97 100
1 34 56
0 90 93
0 94 99
1 62 69
0 20 32
0 80 94
0 20 36
1 98 99
1 85 91
0 32 74
0 63 79
0 61 98
1 3 96
1 12 87
0 51 95
1 52 66
0 3 40
0 14 82
0 97 100
0 94 94
1 9 17
1 16 79
1 33 50
0 53 58
0 89 91
0 49 64
0 91 92
0 80 85
1 59 71
1 47 83
1 69 71
0 44 50
1 27 40
0 75 78
1 33 52
1 83 96
0 29 94
0 63 67
1 34 59
0 71 99
0 48 57
0 86 86
1 70 99
1 34 62
1 45 89
1 38 48
0 21 97
1 77 81
0 31 71
0 29 41
0 32 49
0 64 78
1 89 89
1 40 89
0 13 85
1 89 97
0 22 56
0 39 97
0 79 85
0 43 69
1 83 86
1 74 84
1 48 64
0 74 97
1 40 79
0 10 16
1 35 44
1 4 65
1 22 39
1 36 77
1 16 27
1 55 81
1 3 54
1 82 97
0 89 89
0 36 84
1 63 72
0 40 81
0 92 100
0 91 100
1 12 62
0 84 97
1 98 100
0 81 97
0 13 43
0 95 100
1 55 79
1 90 100
0 31 32
0 43 46
0 93 95
0 28 64
0 91 95
0 3 39
1 24 95
1 12 45
0 54 66
1 5 93
0 7 55
1 60 100
1 44 89
1 90 92
1 76 76
1 75 93
0 40 87
1 4 91
1 59 98
0 13 85
0 91 98
0 84 97
1 79 98
0 33 62
1 46 52
1 25 72
0 55 77
1 61 84
0 95 98
0 95 100
1 56 80
1 46 61
0 25 36
1 54 88
1 44 57
1 42 76
0 84 91
0 19 88
1 2 100
0 78 100
0 22 39
0 18 95
1 11 56
0 60 63
1 61 100
0 27 70
1 48 77
1 53 62
1 92 96
0 28 86
0 30 46
0 72 97
1 4 9
1 78 82
1 11 38
0 98 99
1 38 62
0 46 61
1 68 95
0 78 82
1 51 64
0 65 92
0 92 96
1 20 30
0 23 36
1 38 94
1 99 99
0 24 87
0 15 92
0 20 41
1 47 97
0 33 94
1 17 99
0 50 83
1 94 99
1 27 57
0 33 73
1 83 83
1 97 100
1 55 66
1 57 64
1 32 99
0 51 61
1 14 81
0 44 77
0 32 70
0 79 86
1 90 92
1 82 100
0 26 31
0 50 52
1 80 97
1 86 100
1 19 37
1 60 72
0 8 100
1 8 57
0 38 78
1 10 57
0 6 90
1 78 82
1 74 90
0 93 100
0 92 97
0 1 38
0 10 46
0 67 87
1 44 46
1 72 89
1 54 78
0 98 98
1 79 99
0 45 60
1 41 74
1 92 100
0 56 58
1 80 96
1 85 86
1 37 93
0 99 100
0 62 95
1 47 50
0 57 92
1 42 85
1 87 89
1 1 97
0 84 97
0 8 8
1 48 69
0 45 89
1 13 44
1 23 95
0 90 100
0 86 98
1 17 47
0 53 68
0 49 56
1 13 99
0 87 100
1 41 46
0 9 94
1 17 72
0 12 27
0 51 95
1 50 53
1 17 53
0 72 77
1 17 74
1 25 67
1 93 93
1 50 55
1 6 56
1 65 95
0 58 96
0 15 47
0 31 91
1 93 99
1 13 46
0 20 86
0 2 50
0 97 99
0 66 66
0 97 98
0 56 77
0 59 72
0 94 94
0 41 71
0 84 95
0 32 42
1 1 49
1 15 18
0 96 97
0 23 53
0 56 98
0 96 97
1 25 50
0 25 36
1 74 79
1 81 96
0 71 77
1 6 55
0 37 100
1 51 66
1 90 92
1 93 96
0 60 67
1 2 63
1 24 91
0 81 99
1 62 84
1 4 70
0 70 91
1 14 42
0 86 99
0 4 52
1 18 24
0 8 74
1 52 87
0 47 82
0 31 35
1 73 83
0 31 79
1 83 83
1 39 70
1 86 93
1 72 88
0 40 72
0 29 55
0 93 99
0 3 84
0 20 29
1 43 84
0 48 97
0 7 17
1 73 98
1 69 90
1 94 97
0 22 25
0 21 73
0 56 66
1 58 93
0 94 99
1 3 23
0 19 92
1 70 85
0 67 97
0 95 96
0 40 68
0 23 42
0 77 88
1 82 93
0 89 96
0 81 93
1 70 80
0 80 100
0 57 92
1 98 100
1 28 80
0 70 98
1 62 98
0 63 69
1 79 87
1 10 65
1 66 100
1 64 95
1 83 98
0 31 50
0 96 97
1 87 99
1 71 71
1 14 34
1 61 100
1 93 96
0 5 26
1 56 73
0 4 6
1 61 78
1 97 99
1 17 96
1 12 39
0 89 95
1 50 78
0 46 66
0 35 75
0 46 59
0 40 54
0 3 44
0 43 78
1 55 77
0 94 97
0 40 56
0 19 35
0 72 79
1 30 82
0 35 61
1 94 94
1 66 89
1 69 99
1 61 87
1 98 100
0 11 81
1 53 96
1 28 84
0 95 98
1 50 50
1 93 99
1 35 60
0 81 94
1 75 89
1 54 94
0 45 78
1 28 70
0 100 100
0 74 86
1 44 52
1 84 95
1 42 45
1 63 85
0 56 78
0 64 98
0 29 83
0 24 86
1 7 32
1 100 100
0 5 62
1 37 45
0 51 83
1 26 47
0 71 72
1 36 59
0 61 83
1 62 82
0 67 86
0 87 96
0 99 100
0 14 34
0 79 81
0 29 34
0 64 100
1 58 67
0 24 77
1 59 100
0 93 95
0 35 70
1 2 100
0 55 91
1 45 95
0 35 39
0 28 90
0 20 30
1 35 82
0 100 100
0 94 94
1 98 98
0 65 95
0 71 92
0 82 92
1 99 100
1 96 98
0 42 68
1 72 75
1 43 74
1 38 65
1 8 9
0 76 96
1 86 87
1 16 84
0 57 69
0 88 91
1 23 23
1 14 51
0 66 66
1 87 91
0 94 99
0 99 100
0 66 95
0 26 55
0 41 81
0 85 97
1 27 56
1 6 7
1 87 89
0 37 69
0 98 98
0 96 98
0 14 75
0 67 68
0 52 52
1 62 96
1 3 61
0 100 100
1 21 81
1 63 82
0 51 54
1 55 58
0 100 100
1 73 97
0 92 100
1 20 49
1 4 83
1 39 56
1 74 100
0 95 96
1 63 65
0 43 79
1 19 81
1 18 81
1 77 84
1 54 75
1 1 48
0 7 95
0 82 90
1 32 76
1 9 54
1 27 34
0 96 100
1 61 76
0 70 81
1 48 67
1 96 96
1 37 57
0 6 38
0 33 75
1 65 70
0 18 46
0 36 96
1 95 100
1 86 99
0 42 51
0 94 95
1 57 87
1 24 48
1 8 47
0 61 98
1 100 100
0 83 95
1 49 57
0 75 92
1 87 96
1 67 93
0 18 95
0 67 77
1 66 70
1 59 79
1 86 95
1 83 88
0 5 23
1 9 92
1 30 52
1 28 82
0 13 44
0 38 45
0 1 21
0 96 99
1 95 99
1 73 93
0 74 96
0 88 94
1 31 58
1 2 60
0 56 100
1 4 41
0 88 92
1 62 66
1 24 96
0 7 67
0 59 99
0 84 99
1 93 96
1 1 92
1 59 83
0 69 100
0 62 74
1 93 95
1 99 99
1 31 76
1 65 95
0 17 57
1 87 99
1 53 55
1 74 85
0 87 98
1 25 60
1 41 57
1 1 53
1 80 87
1 31 71
1 18 24
0 11 26
0 44 49
1 65 98
1 74 94
1 35 73
0 21 82
1 44 96
0 67 89
0 40 84
0 78 99
1 87 90
1 74 89
1 53 80
0 97 100
1 61 62
1 57 98
0 12 73
0 20 80
1 23 96
1 75 94
1 25 70
0 83 97
1 40 48
0 1 10
0 9 21
1 31 46
0 11 99
1 6 22
1 63 67
0 39 78
0 5 85
1 1 16
1 1 94
1 10 28
1 68 98
1 20 48
0 65 69
1 79 88
0 18 94
1 94 94
1 43 92
0 14 51
1 98 99
0 9 12
0 64 73
1 95 95
1 18 44
0 20 25
0 74 91
0 41 51
1 5 14
0 29 33
0 8 9
0 24 47
0 25 80
1 9 26
1 27 69
1 98 98
0 41 45
0 92 92
1 66 87
0 35 72
1 10 35
1 89 96
0 11 33
1 16 70
0 28 62
1 72 72
0 75 89
1 1 97
1 72 90
1 58 95
1 21 91
1 32 75
1 99 100
0 98 100
0 10 38
1 52 55
0 4 66
0 30 68
0 55 56
1 22 74
1 8 100
0 11 33
0 62 99
0 69 89
1 49 59
1 52 73
1 52 81
0 34 43
0 72 73
1 34 41
0 50 64
1 69 92
0 65 89
0 23 60
1 84 100
0 96 98
1 57 99
1 73 73
1 56 85
0 25 98
1 90 97
1 2 54
0 1 77
1 91 94
1 75 96
1 10 32
1 35 81
1 76 86
1 77 87
1 53 70
1 64 71
0 31 49
0 76 80
1 2 35
1 82 95
0 63 74
0 74 95
1 37 68
0 66 89
1 76 88
1 41 44
1 96 96
0 53 84
1 29 42
0 95 97
1 61 64
1 61 93
0 3 57
0 98 100
0 75 100
1 86 88
0 29 87
1 49 94
0 13 49
1 85 88
0 79 85
1 81 88
1 29 89
0 65 99
1 1 25
0 5 11
0 18 29
1 90 96
1 67 71
1 19 65
0 35 53
1 63 79
0 41 79
0 65 70
0 28 39
0 27 28
1 55 65
1 100 100
1 47 48
1 14 44
1 67 67
1 4 80
1 62 90
1 7 58
0 49 49
0 51 68
1 2 89
1 2 21
0 62 86
1 37 49
0 43 75
1 76 85
1 25 58
0 25 56
0 44 46
1 64 99
1 64 90
0 97 97
1 23 33
0 98 100
1 7 21
0 43 67
1 15 26
1 58 62
0 73 100
1 44 93
0 16 50
1 96 98
0 37 38
0 97 98
0 41 62
0 61 78
1 18 69
0 32 82
1 12 19
1 8 28
1 63 83
0 27 33
1 36 72
0 42 65
0 30 100
1 94 96
0 71 88
0 30 49
0 81 100
0 87 91
1 49 69
0 46 76
1 68 72
1 49 100
1 47 48
1 59 59
0 61 83
1 14 96
0 70 90
0 27 90
0 27 51
0 26 77
1 10 88
0 22 72
1 77 92
1 98 98
0 76 84
0 55 79
0 76 89
1 85 93
0 80 89
0 25 80
1 27 27
0 99 99
1 33 76
0 77 83
0 11 67
1 36 79
0 66 68
0 87 94
0 50 95
1 42 78
1 92 96
0 10 24
0 30 34
0 60 76
1 86 99
0 56 77
0 80 84
0 70 89
0 90 90
0 54 79
0 95 97
1 52 53
1 8 77
0 33 50
1 23 38
1 25 87
0 9 29
0 62 77
1 52 56
0 51 79
1 2 30
1 13 89
1 11 74
0 61 90
1 72 100
0 57 85
1 73 80
1 31 82
0 6 46
1 57 57
0 9 17
1 51 60
1 79 87
1 39 53
0 40 70
0 69 95
1 49 98
1 82 82
0 27 75
0 53 99
1 62 64
1 72 83
0 54 92
0 69 85
1 100 100
1 77 79
1 92 96
0 12 72
1 91 95
1 79 94
1 53 91
1 24 69
0 85 85
1 48 79
1 36 57
1 73 86
1 59 59
1 11 40
0 85 96
0 75 99
1 68 70
0 90 98
0 49 80
0 20 99
1 4 82
0 73 94
0 92 94
0 96 100
1 1 6
0 73 92
1 94 97
1 12 41
0 57 84
1 14 50
1 62 88
1 82 94
1 21 86
0 78 87
1 28 37
0 41 79
1 82 90
1 40 77
0 21 43
1 30 88
0 39 66
0 6 69
0 68 92
1 87 99
0 95 96
1 2 34
0 35 69
0 7 36
1 11 82
0 86 96
1 8 48
1 56 99
0 54 85
0 9 91
1 14 54
0 28 39
0 96 96
1 80 89
0 44 82
1 37 57
1 95 95
0 72 75
1 33 48
1 73 94
0 4 40
0 83 91
0 41 86
0 40 44
0 85 85
1 14 89
1 59 99
1 14 34
1 71 91
1 73 84
0 70 89
1 71 90
1 79 79
1 37 50
1 97 99
1 37 80
0 51 57
1 82 90
1 50 89
1 33 38
0 29 73
0 100 100
0 23 48
0 33 59
0 8 83
0 85 93
0 50 54
1 33 91
1 77 81
1 10 49
0 81 88
0 52 71
0 66 95
1 24 28
0 15 32
0 47 51
0 28 31
0 88 93
1 60 63
1 25 65
0 95 99
1 81 84
1 92 100
1 8 75
1 46 64
0 6 30
0 24 65
1 56 61
1 23 59
0 6 64
1 48 54
1 80 99
1 58 88
0 10 52
0 65 76
0 16 50
0 100 100
0 87 96
0 91 95
0 66 95
1 4 8
1 84 86
0 92 99
1 48 90
0 89 94
1 9 85
1 94 100
1 2 91
0 69 75
0 78 93
1 26 74
1 65 95
1 55 81
0 59 99
1 5 93
1 76 81
0 89 90
1 62 93
0 30 43
0 54 94
1 48 57
1 99 100
1 18 28
0 18 72
0 5 93
1 19 86
1 96 96
0 62 78
1 94 97
1 16 82
1 12 21
0 46 83
1 74 76
0 99 99
0 63 81
1 36 56
0 11 40
1 68 73
1 13 98
0 38 88
1 62 88
0 54 97
1 76 85
1 26 76
0 93 97
0 80 85
1 33 98
1 34 74
0 9 36
0 74 84
1 76 88
1 52 69
0 99 99
0 89 96
1 2 24
0 81 88
0 14 18
1 77 91
0 52 85
1 20 86
0 48 67
1 66 66
1 37 45
0 39 58
0 8 94
0 45 98
0 94 95
0 92 100
1 53 84
0 93 99
1 24 91
1 45 90
0 49 85
1 64 77
0 45 58
0 88 91
0 27 71
0 24 35
0 91 98
1 3 34
0 18 62
0 41 73
0 21 58
0 57 100
0 35 70
1 10 38
0 96 99
1 27 28
1 64 82
1 85 94
1 65 90
1 93 96
1 58 66
1 31 94
0 46 53
0 66 87
0 2 23
0 48 81
0 81 97
1 70 92
1 18 38
1 85 87
1 37 65
0 8 11
1 47 97
0 40 48
0 74 91
1 91 94
1 99 99
1 52 52
1 95 100
0 15 77
1 15 69
0 46 80
1 26 30
0 68 71
0 51 72
0 48 67
1 15 43
0 29 64
1 26 84
1 37 38
0 69 98
0 80 100
0 69 77
1 3 35
1 1 1
1 15 95
1 95 95
1 94 97
1 81 97
1 76 77
0 24 85
0 20 61
0 76 86
0 63 99
0 87 95
1 18 44
0 98 100
0 66 79
0 44 72
0 71 83
1 97 99
0 96 96
0 60 81
1 94 95
1 57 85
0 60 83
0 55 99
1 51 57
0 83 92
1 72 76
0 73 93
1 2 54
1 86 87
1 76 83
1 96 98
1 71 75
0 77 94
0 94 97
1 12 29
1 26 92
0 57 68
0 67 83
1 12 88
0 88 95
1 21 60
1 2 51
0 45 85
1 1 4
1 46 67
0 34 92
1 14 30
0 14 64
1 47 88
1 87 90
1 62 70
1 31 83
1 67 76
0 14 54
0 57 68
1 38 56
0 53 61
1 92 96
1 43 62
1 70 85
0 76 92
0 90 94
1 73 93
1 12 51
0 22 40
0 96 98
0 41 62
0 54 55
1 26 75
0 100 100
1 11 14
1 12 32
0 30 45
0 66 77
1 79 85
0 30 86
0 13 97
0 26 94
0 38 53
0 41 54
0 80 85
0 91 99
1 34 63
1 16 41
1 62 69
0 2 57
0 7 21
0 90 91
1 29 72
0 19 22
0 4 85
1 20 25
0 81 97
0 100 100
0 5 47
1 30 43
1 15 65
1 16 78
1 49 91
1 39 86
0 10 15
0 18 60
1 31 41
0 40 45
0 57 74
0 83 86
0 37 90
0 34 35
0 27 32
0 52 71
1 52 80
0 64 88
1 66 74
1 54 98
1 61 85
0 8 66
0 49 76
0 96 98
0 69 87
1 93 98
1 14 31
0 79 82
1 94 95
1 84 91
1 85 95
0 30 60
0 100 100
1 54 61
0 98 99
1 59 96
0 5 54
1 80 95
1 21 79
0 85 99
1 56 87
0 6 72
0 1 90
0 6 25
0 68 88
0 88 89
0 26 67
0 72 82
1 86 93
1 47 98
0 43 50
0 44 55
0 76 94
1 14 19
1 29 37
0 100 100
0 40 43
1 87 99
0 82 82
0 33 90
1 62 63
1 61 75
0 14 50
1 85 85
0 19 73
1 40 48
0 69 90
0 40 70
0 65 83
0 16 44
1 43 92
0 92 100
0 52 60
1 8 18
0 44 58
1 65 93
0 28 35
1 88 98
1 98 98
0 33 89
0 57 57
1 64 81
0 87 92
1 50 69
1 10 49
1 78 84
0 92 99
0 70 85
1 3 86
1 23 78
0 79 96
1 19 19
1 60 62
1 20 94
0 35 38
1 86 97
0 78 92
1 96 97
0 96 99
0 85 89
0 90 98
1 37 74
0 75 92
0 41 77
1 79 100
0 37 89
0 76 81
1 13 72
1 83 97
0 57 81
1 48 58
0 85 88
0 35 86
0 60 88
1 40 84
0 16 72
0 26 38
0 54 82
0 96 97
1 4 5
0 70 76
0 23 45
1 83 86
0 94 95
0 56 98
0 80 84
0 50 66
1 35 86
0 93 98
0 85 90
1 80 91
0 71 97
0 87 100
0 90 90
0 1 79
1 33 43
1 83 90
0 69 80
0 24 42
0 30 97
0 50 87
1 67 84
1 99 100
1 74 77
0 33 66
0 87 100
0 15 41
0 66 73
1 44 46
0 78 93
0 71 87
0 90 94
1 27 60
1 99 99
0 60 92
0 17 94
0 44 69
0 60 95
1 18 36
0 92 92
1 5 45
1 68 93
1 6 68
0 84 88
1 41 68
1 48 97
0 66 66
0 21 98
0 84 85
1 72 94
0 86 86
1 43 79
0 24 71
1 46 74
1 55 77
0 94 100
1 55 67
1 91 93
1 37 78
1 62 90
1 46 54
1 8 44
1 92 100
1 95 97
0 73 85
1 18 99
0 18 88
1 63 71
0 30 42
1 30 99
0 100 100
1 30 90
1 99 99
1 11 60
1 92 95
0 99 100
0 73 76
1 22 88
0 81 90
0 62 100
0 96 96
1 74 88
0 96 96
1 75 83
1 35 43
0 1 69
0 4 7
0 8 28
1 74 86
1 95 95
1 60 81
0 55 90
1 45 100
0 78 88
0 15 53
0 60 69
1 16 97
1 25 46
1 42 57
0 94 100
0 98 99
1 34 88
0 33 86
1 11 82
1 85 94
1 68 75
1 23 42
0 77 94
0 67 86
0 94 98
0 3 32
0 41 42
1 37 97
0 69 98
1 68 78
0 91 97
0 5 76
1 37 69
0 25 44
0 67 83
1 3 50
0 100 100
1 13 77
1 60 73
1 77 91
0 91 92
0 51 78
1 67 94
1 17 66
0 16 47
1 92 94
0 64 70
1 46 47
0 28 51
0 72 85
1 49 54
1 43 56
1 60 60
0 58 77
1 51 63
0 13 20
0 83 84
0 28 89
1 64 72
1 14 29
0 13 31
0 27 34
1 31 52
0 56 83
1 3 99
0 73 87
0 92 97
1 6 64
0 57 78
1 34 71
1 11 41
1 78 90
1 2 59
0 48 91
0 68 100
0 43 43
1 55 90
0 6 49
1 33 45
1 6 47
1 88 89
0 89 92
1 22 86
0 62 92
1 51 87
0 53 71
0 70 77
1 37 64
1 98 100
0 19 22
0 52 87
1 45 99
1 36 86
0 58 93
0 15 82
0 77 98
1 81 88
0 6 96
0 99 99
0 97 99
1 63 98
1 11 84
0 89 92
1 23 60
1 49 85
1 29 52
1 67 100
0 73 87
0 43 85
1 57 68
1 70 70
1 61 78
1 94 99
1 95 98
0 22 43
0 78 91
0 95 97
0 62 72
1 4 23
0 3 69
1 6 72
1 76 98
0 81 88
1 55 91
1 27 93
0 34 51
1 61 74
1 93 94
1 12 44
0 73 77
0 21 42
1 86 97
1 4 87
1 46 54
1 64 82
1 19 100
1 41 42
0 16 49
0 31 83
1 94 98
0 12 60
1 71 99
0 72 74
1 60 71
1 48 61
0 36 96
1 71 76
0 20 80
1 79 96
1 70 75
0 24 74
0 96 99
1 7 69
0 54 76
1 25 88
1 60 83
0 82 97
0 89 96
1 23 44
0 40 69
0 87 97
1 87 99
0 66 94
0 37 46
0 69 87
1 100 100
1 14 21
1 69 79
0 40 80
1 52 69
1 37 69
0 57 89
1 84 98
1 31 70
0 66 74
0 49 50
1 40 41
1 47 77
0 72 96
0 68 98
1 20 68
1 85 91
1 38 67
1 89 90
1 55 59
0 3 48
1 99 100
1 68 94
0 39 49
0 85 86
0 20 31
0 85 100
0 34 79
0 12 30
1 31 46
0 94 99
0 93 95
1 57 76
1 21 64
1 99 99
0 40 99
1 4 11
0 44 44
0 21 23
1 33 44
0 83 92
0 31 74
0 78 87
1 85 92
1 99 99
0 12 29
0 16 85
1 13 42
0 33 76
1 63 96
1 88 95
1 9 80
0 87 90
0 43 51
0 52 74
1 93 98
1 6 78
0 86 95
0 8 72
1 74 97
1 63 88
0 55 64
1 84 93
1 21 89
1 39 68
0 79 97
1 100 100
1 36 64
1 27 27
0 27 58
1 20 71
1 66 97
1 82 98
0 41 99
1 18 64
0 10 79
1 38 93
1 4 20
0 30 36
1 99 100
0 22 78
0 11 60
0 36 92
0 99 100
1 50 98
1 20 60
0 95 95
1 13 56
0 8 39
0 27 55
1 58 79
0 26 32
1 25 65
0 72 80
1 31 86
0 34 81
1 98 100
0 8 37
0 6 89
1 86 98
0 98 100
1 30 74
0 46 100
0 63 92
0 12 24
1 3 5
0 39 94
1 88 96
0 17 59
0 68 91
1 52 96
1 42 92
1 1 55
1 11 79
1 2 80
0 89 93
0 48 97
1 10 13
0 96 100
0 56 74
1 10 25
1 40 83
1 57 72
1 1 62
0 97 100
0 63 79
1 41 60
1 9 41
1 43 59
0 47 58
0 8 8
0 6 67
0 49 74
1 48 71
1 8 44
1 68 84
1 52 55
0 71 80
0 16 87
0 21 69
0 66 69
0 83 99
1 33 63
0 97 98
0 42 83
0 41 93
0 71 71
0 83 93
0 79 94
1 81 86
1 29 96
0 51 88
0 17 75
0 89 95
1 35 75
1 27 93
1 2 52
0 12 80
1 76 83
1 22 99
1 96 97
1 73 89
1 74 92
0 72 81
1 97 100
1 26 58
1 18 20
0 42 43
1 99 100
1 61 96
0 10 73
1 22 43
0 70 84
0 52 82
0 24 67
1 15 74
1 35 49
1 15 100
0 27 100
0 72 87
1 26 38
1 29 45
1 55 91
0 74 78
1 69 78
0 35 77
0 13 53
0 38 83
0 27 63
1 71 91
1 8 19
0 83 86
0 67 79
0 39 53
1 45 55
1 24 35
1 84 90
1 9 50
0 23 32
0 12 85
0 35 46
1 21 40
1 4 70
0 88 93
1 89 98
0 1 61
1 37 96
0 18 68
0 70 71
1 48 59
0 82 85
0 45 65
0 9 87
0 74 75
0 62 89
1 100 100
0 24 68
0 12 12
1 77 96
0 98 98
0 88 100
1 45 92
1 67 69
1 94 96
1 91 98
1 35 74
1 14 46
1 5 14
1 83 98
0 64 75
0 13 84
0 87 97
0 38 80
0 89 91
0 20 23
0 99 99
0 30 34
1 61 92
1 40 76
0 61 95
0 64 71
1 87 96
0 43 71
1 86 90
1 91 91
1 15 16
0 91 99
0 2 23
0 48 60
0 5 51
0 17 32
0 7 71
0 74 90
1 98 99
0 49 99
1 68 93
1 12 64
1 89 99
1 63 64
1 95 98
0 37 66
1 100 100
1 92 94
0 77 85
0 93 100
0 68 71
0 84 91
1 84 86
0 75 77
1 78 86
0 92 92
0 19 27
0 95 99
0 38 52
0 74 97
0 84 91
0 83 97
0 4 84
1 8 45
1 72 80
1 73 91
1 3 94
1 81 92
0 77 85
0 60 78
1 24 68
0 78 86
1 94 97
1 50 55
0 6 21
1 60 88
0 63 92
1 40 57
0 60 75
1 72 88
1 33 73
0 78 98
0 81 85
0 84 96
0 72 91
0 71 91
1 45 69
0 58 76
1 28 78
1 56 59
0 6 90
0 74 80
1 56 77
1 68 91
0 35 88
1 42 63
0 22 93
1 29 51
0 34 92
0 7 17
1 16 37
0 95 97
1 56 70
1 85 99
1 59 91
1 77 81
1 39 92
1 41 56
0 45 79
1 55 65
1 31 34
0 67 71
0 18 61
1 62 69
1 99 100
1 18 78
1 88 88
0 87 93
0 24 58
1 31 36
0 39 82
1 46 75
0 57 78
1 10 56
0 98 100
0 48 50
1 18 26
0 49 56
0 94 99
1 20 50
1 27 59
1 31 89
0 85 89
0 84 93
0 23 37
1 20 63
1 58 61
0 63 86
1 95 99
1 89 93
1 7 55
0 64 81
0 52 67
1 31 87
0 97 99
1 31 91
0 62 88
0 53 55
1 36 49
1 66 81
1 87 96
0 90 98
0 12 72
1 30 85
0 4 5
0 14 41
1 50 52
1 48 86
0 48 89
1 95 99
1 82 93
0 86 97
1 26 64
1 20 74
0 2 73
1 12 20
1 89 91
0 17 96
0 13 46
1 94 100
0 2 90
0 32 76
1 88 91
0 54 66
1 76 83
0 71 100
1 60 84
1 87 94
0 94 95
0 31 63
0 32 52
1 100 100
0 7 30
0 80 97
1 8 20
0 35 99
0 19 98
1 82 98
0 60 60
0 54 59
0 12 40
1 91 97
1 99 100
0 33 77
0 70 83
0 12 72
1 53 60
0 64 78
1 93 97
1 63 68
1 13 40
1 44 95
0 92 98
1 3 12
1 70 86
1 9 71
0 11 37
0 58 74
1 25 62
0 7 24
0 87 97
0 23 98
1 72 99
1 84 98
0 29 58
0 46 69
0 76 78
1 98 100
1 37 95
1 63 92
0 44 88
1 41 62
0 38 94
0 55 90
1 62 68
1 89 95
0 33 74
0 78 80
0 8 10
1 11 23
0 79 91
0 51 68
0 53 91
0 18 80
0 20 56
1 89 96
0 58 75
1 58 95
1 14 22
1 17 96
0 73 83
0 99 100
0 23 51
0 89 92
0 55 80
1 53 56
0 48 92
0 48 88
1 4 28
1 30 85
0 8 12
0 61 84
0 83 100
0 33 55
0 80 99
0 79 96
1 66 76
1 47 60
1 7 23
1 67 77
1 33 54
1 75 86
1 84 92
0 39 45
0 16 38
0 45 60
0 75 85
1 46 67
0 65 77
0 79 79
0 95 97
1 15 98
1 9 34
0 54 89
0 29 67
0 26 48
1 62 92
1 47 50
0 55 96
0 40 96
0 18 45
1 79 79
1 32 83
1 2 11
1 3 88
0 54 97
1 56 77
0 32 78
0 70 70
1 81 100
1 65 82
0 18 44
0 20 31
0 25 32
1 74 100
1 81 81
1 13 22
0 54 98
1 60 96
0 41 97
1 14 77
0 70 98
1 46 62
1 67 67
0 40 45
0 72 88
0 17 84
0 64 87
0 92 97
0 71 83
0 62 90
0 3 51
1 58 67
1 70 74
0 28 40
0 88 96
0 23 46
0 2 19
0 29 43
0 10 73
1 1 7
1 59 63
1 32 68
0 8 48
1 96 96
0 23 66
0 4 76
1 72 75
1 87 95
0 100 100
1 51 51
0 95 97
0 98 98
1 69 99
0 5 47
1 86 100
1 11 76
0 14 36
1 95 95
0 81 90
0 37 94
1 42 80
1 23 87
1 23 27
1 89 93
1 38 39
0 12 85
0 45 94
1 75 76
0 40 69
1 26 85
1 39 63
0 79 95
0 2 33
0 66 69
0 10 14
1 84 99
0 100 100
1 22 49
0 59 86
0 81 88
0 100 100
1 26 32
0 3 9
1 15 20
0 21 49
1 6 70
1 2 45
0 48 78
1 69 71
0 75 94
1 34 42
0 39 64
0 93 98
1 80 80
0 80 96
1 65 66
1 73 86
0 80 87
0 71 80
1 58 59
1 83 96
0 57 62
1 32 63
0 82 83
1 61 91
1 72 97
1 61 81
0 82 95
1 98 99
1 39 93
1 81 87
0 30 44
1 60 88
1 23 99
0 78 99
0 78 84
0 19 65
1 15 25
0 54 67
1 5 17
1 82 88
1 48 100
1 88 88
0 95 100
1 60 70
0 70 88
0 65 93
0 55 58
0 60 81
0 53 64
0 40 49
0 45 56
1 66 88
0 65 75
0 29 87
1 30 41
0 66 99
1 77 94
0 63 81
0 59 68
1 75 84
0 90 92
1 89 91
0 85 86
0 99 100
1 60 91
1 91 98
0 8 86
1 74 91
1 85 93
1 82 85
0 73 82
1 80 94
0 88 97
0 36 48
1 99 100
1 54 95
1 17 76
0 83 99
0 96 98
0 35 100
1 51 85
1 38 40
0 50 90
1 85 97
0 26 32
0 20 77
1 21 28
1 65 66
1 84 96
0 92 100
1 67 78
0 90 93
1 8 22
1 49 64
1 89 95
1 4 99
1 15 85
0 12 29
1 71 76
1 16 55
0 75 93
0 70 96
0 9 63
0 15 26
0 89 97
1 45 67
0 17 43
1 32 49
1 58 88
1 15 85
1 27 53
1 33 74
1 38 82
1 78 99
1 59 79
1 68 90
0 92 96
1 65 71
1 54 56
1 2 19
1 41 77
0 25 54
0 25 73
0 8 41
0 100 100
1 39 77
1 15 84
0 23 96
0 13 42
0 14 25
0 44 61
0 51 95
0 23 56
1 23 97
1 18 58
1 87 94
1 71 80
1 43 94
1 51 89
0 87 97
1 81 90
0 57 69
0 28 72
0 67 99
0 80 83
1 66 75
0 22 77
1 82 86
1 95 99
1 21 65
1 64 75
0 12 36
1 41 76
0 21 85
0 94 97
0 52 75
0 45 59
0 91 96
1 58 98
0 15 20
0 4 58
0 90 93
1 74 98
1 7 75
1 31 43
0 86 100
1 65 81
1 36 93
1 76 76
0 75 93
1 20 49
1 80 91
0 71 77
1 98 100
0 87 95
1 23 95
0 40 77
0 68 79
0 43 78
0 12 25
1 39 96
0 81 96
1 24 33
0 17 88
1 16 77
0 22 41
0 67 79
0 74 89
1 33 69
1 85 91
1 32 46
0 55 70
0 39 46
0 63 91
0 57 75
0 88 96
0 70 84
1 32 59
0 52 73
1 40 64
1 48 55
0 75 76
0 24 27
0 45 92
1 86 91
0 24 38
0 64 86
0 19 44
0 82 99
1 31 56
1 30 89
0 14 50
0 69 73
0 69 89
1 27 84
1 87 98
1 80 93
0 33 75
0 73 82
0 47 95
0 21 21
1 34 59
1 43 60
0 31 73
1 41 84
0 86 95
0 66 99
0 96 100
0 44 85
1 69 94
1 92 100
0 42 76
0 95 97
0 86 86
0 100 100
0 21 98
1 91 97
0 42 71
0 50 70
0 23 83
0 86 89
0 42 51
1 49 89
1 32 62
0 80 86
1 19 84
1 60 92
0 66 83
0 74 84
0 45 97
1 8 34
0 79 89
0 76 83
1 1 27
1 58 68
1 16 90
0 71 92
1 38 52
0 45 70
1 82 99
1 52 75
0 86 98
1 11 73
1 12 64
0 49 67
1 93 93
0 9 31
0 51 74
1 52 75
1 47 92
0 45 78
1 25 38
0 91 94
1 16 24
1 66 81
1 41 90
1 78 97
1 2 70
0 91 97
0 85 88
0 61 62
1 12 20
0 56 76
0 21 86
0 22 45
0 77 81
0 95 95
1 60 77
0 87 93
0 12 31
1 33 42
1 66 74
1 60 91
1 42 46
1 10 50
0 56 74
1 58 76
1 42 79
1 100 100
0 74 92
0 34 96
0 92 98
1 79 85
0 89 97
1 87 97
1 76 98
1 36 96
0 67 94
1 37 99
1 21 96
0 91 97
1 43 81
0 7 44
1 55 58
0 100 100
1 11 62
0 67 79
1 59 96
0 53 59
1 94 99
1 8 43
1 76 78
0 71 88
1 56 78
0 64 73
1 68 78
0 92 99
0 52 98
1 58 76
1 73 84
0 44 47
1 73 82
0 3 10
1 67 82
1 87 90
1 15 90
1 55 55
0 3 82
0 49 61
0 82 83
0 16 49
1 49 66
1 34 81
1 75 95
0 59 96
0 30 85
1 4 18
1 5 30
1 38 76
1 81 90
1 26 33
0 6 94
1 76 86
1 39 57
1 52 69
1 4 50
1 41 81
0 68 88
1 92 100
1 87 90
0 7 21
0 47 75
1 70 94
1 42 61
1 10 82
0 47 96
1 17 35
0 79 81
0 14 70
0 72 85
0 19 64
1 48 76
0 9 10
0 56 75
1 91 100
0 79 94
0 73 90
1 9 60
0 15 23
1 14 99
0 22 60
0 29 57
1 7 62
0 31 88
1 85 90
1 94 98
0 26 93
1 25 43
1 47 75
1 87 98
0 9 67
0 87 92
0 38 54
0 48 51
1 77 79
1 48 59
1 72 90
0 82 94
1 59 83
0 75 78
0 80 92
0 90 99
1 44 81
1 43 67
1 71 97
0 18 74
0 80 100
0 90 90
1 37 40
1 32 70
1 47 82
0 77 84
1 14 57
1 94 95
0 85 86
1 74 95
0 19 54
1 53 72
0 72 99
0 28 53
1 82 92
1 10 23
0 36 36
1 39 52
1 76 76
1 4 47
0 27 81
1 37 57
1 32 49
0 41 71
0 29 82
0 9 89
1 45 49
0 43 47
1 41 77
0 2 57
1 90 93
0 23 28
0 80 89
1 52 85
0 19 86
0 61 74
1 60 80
0 68 75
1 8 79
1 80 94
1 4 21
1 36 82
1 76 97
0 80 80
1 81 100
0 6 26
1 66 79
0 86 93
0 28 55
1 24 67
1 43 95
1 55 85
0 90 98
1 39 70
0 79 95
0 79 94
1 88 94
1 49 54
0 100 100
0 100 100
1 43 47
1 7 25
0 23 64
0 19 63
0 64 72
1 36 87
1 65 97
1 29 72
0 33 35
0 79 80
1 36 46
1 44 86
1 59 72
0 25 36
0 42 71
0 87 88
0 37 62
0 16 35
0 90 95
0 60 73
1 33 97
0 77 82
1 9 46
0 15 53
1 2 23
0 26 97
0 11 100
1 86 87
0 91 94
1 100 100
1 85 92
1 71 87
0 61 83
1 68 77
0 89 92
0 54 80
1 37 50
0 47 64
1 9 29
0 95 95
1 93 99
0 16 52
1 66 66
1 72 73
1 100 100
1 78 94
0 95 100
0 58 69
1 44 75
1 95 97
0 76 96
0 52 80
0 47 69
1 23 41
1 13 15
0 17 90
1 51 99
1 47 50
1 17 77
1 55 64
1 4 60
1 59 79
0 40 44
0 16 60
0 58 89
0 57 90
0 86 98
1 68 89
0 1 4
0 89 89
0 66 83
1 88 93
1 44 44
1 18 58
1 42 72
0 99 100
1 100 100
0 73 93
0 100 100
1 54 55
0 74 84
0 44 58
1 19 59
1 75 82
1 44 78
0 23 57
1 14 27
1 16 78
0 69 73
1 15 37
0 57 83
1 82 87
0 16 16
1 91 91
0 68 89
0 33 71
0 92 97
1 61 87
1 28 96
1 60 80
1 99 100
0 62 85
1 24 71
0 52 63
1 42 61
0 100 100
1 82 93
0 10 46
0 32 45
1 62 86
0 18 87
1 19 43
0 28 77
0 60 99
1 63 68
0 61 93
1 20 37
0 82 85
1 88 93
1 97 100
0 43 58
0 42 72
0 67 76
1 87 91
1 70 86
1 29 96
1 7 12
1 65 82
0 20 81
1 14 35
0 78 81
1 100 100
0 55 77
0 81 97
0 26 53
0 40 91
0 28 96
1 94 94
0 17 23
0 71 92
1 56 64
1 50 58
1 69 83
1 68 75
1 23 87
1 45 68
0 71 95
1 2 3
0 66 69
1 46 63
0 50 100
1 4 25
1 43 66
0 10 78
0 56 58
0 91 94
0 72 73
1 54 78
1 83 96
1 44 80
1 58 60
1 93 96
0 8 79
1 43 66
1 80 86
0 26 90
0 56 99
1 51 75
0 38 93
0 44 91
0 6 50
0 97 98
0 96 99
1 37 100
1 93 95
1 86 100
1 91 96
0 50 60
0 84 91
0 59 76
0 100 100
1 20 28
1 20 41
1 42 65
1 97 99
1 94 96
0 43 78
1 33 88
1 91 91
0 59 77
0 97 98
0 62 89
0 28 41
0 91 94
0 92 94
0 36 88
0 24 92
1 95 97
0 90 99
1 57 87
0 94 98
1 70 84
0 99 100
0 12 99
1 29 64
1 7 37
1 25 38
1 10 66
0 96 97
0 62 74
1 78 89
1 1 14
1 57 67
1 26 99
0 23 76
1 6 29
1 79 98
1 37 98
1 22 32
0 58 66
0 51 72
0 41 92
1 17 83
0 97 97
1 81 81
1 58 94
1 22 82
1 14 43
1 68 91
0 100 100
1 32 83
1 92 94
0 95 99
0 91 91
1 78 96
1 43 64
1 13 100
0 10 77
1 73 75
0 78 80
0 14 42
1 64 94
0 3 36
0 18 93
0 26 92
1 36 65
1 30 70
1 30 44
1 59 96
1 73 73
1 4 20
0 75 78
1 1 98
1 60 79
0 7 9
1 23 36
1 27 99
1 99 100
0 89 98
1 43 76
1 36 74
0 33 97
0 4 19
0 92 94
1 46 52
1 22 56
1 9 32
1 70 81
0 64 99
0 64 78
1 52 88
0 8 33
0 59 78
1 14 81
1 72 80
0 44 90
1 99 99
1 42 99
0 25 38
0 56 83
0 53 63
1 85 100
0 74 89
0 8 14
0 90 100
0 79 86
1 26 88
0 63 76
0 70 80
0 62 81
0 86 94
1 1 45
1 29 32
0 3 21
0 42 53
0 69 69
0 35 79
1 57 93
1 73 83
0 16 47
0 12 56
1 81 87
1 83 85
1 99 99
1 58 74
1 42 70
1 46 73
1 29 67
0 50 97
1 81 93
0 83 87
1 76 84
1 1 12
0 68 89
0 10 44
1 25 62
0 12 31
1 57 78
0 2 90
1 21 22
1 15 52
1 67 99
0 97 98
1 54 54
0 37 77
1 70 80
0 68 68
0 89 91
0 70 88
1 56 86
0 72 100
1 84 89
0 92 96
1 43 52
0 80 80
0 79 88
0 45 63
1 65 67
1 73 73
1 90 95
1 31 82
1 76 90
1 35 95
1 41 78
0 27 83
0 1 24
0 81 84
1 49 51
1 91 99
1 62 77
1 17 77
0 91 93
1 85 91
1 93 98
0 76 77
1 68 93
0 37 88
1 51 66
0 7 12
0 68 70
1 40 57
0 6 52
1 100 100
1 85 95
1 80 82
1 44 71
0 97 100
1 84 87
1 97 97
0 77 79
1 17 41
1 27 73
1 21 55
1 73 82
0 59 82
1 88 95
0 81 94
1 4 66
0 32 76
1 9 45
0 94 96
0 99 100
1 48 62
0 77 90
0 70 80
0 52 85
0 27 53
0 75 75
0 52 64
0 4 100
1 78 81
1 27 54
0 37 78
1 44 91
1 56 94
1 20 62
1 71 99
0 50 69
1 56 96
1 36 67
0 41 67
0 52 58
1 60 80
0 65 73
0 68 74
1 63 73
0 32 65
0 12 26
0 13 64
0 58 67
1 23 78
0 2 8
0 50 94
0 81 94
0 74 89
0 61 83
0 94 96
0 31 96
0 38 94
0 74 87
0 17 97
0 68 100
0 73 92
1 30 76
0 85 93
0 32 88
1 82 92
1 7 85
0 32 65
0 19 79
1 18 31
0 90 99
0 13 21
0 13 92
1 29 40
0 50 60
1 33 45
1 13 14
1 40 45
0 6 19
0 36 100
0 50 65
1 80 91
0 57 80
0 100 100
0 22 87
0 1 39
1 47 52
0 21 79
0 62 72
1 65 75
0 96 96
0 4 57
1 79 88
0 68 100
1 74 94
1 57 62
0 8 71
1 82 83
0 29 34
0 38 77
0 74 78
1 37 47
1 90 92
0 97 97
1 97 99
1 89 91
0 64 88
1 39 53
0 54 89
0 45 53
0 84 98
0 14 96
1 2 9
1 11 41
1 27 96
1 86 87
1 55 97
0 59 82
1 92 100
1 13 70
0 99 100
0 17 67
0 40 81
1 41 70
1 17 53
1 88 100
0 54 63
1 79 85
0 90 97
0 82 92
1 1 45
0 15 96
1 57 68
1 17 90
1 41 79
0 5 35
0 17 83
0 98 99
1 81 90
1 23 57
0 62 65
1 73 81
1 68 78
1 37 94
1 75 77
1 86 89
0 96 97
0 68 82
1 6 18
0 85 92
0 48 88
1 66 73
0 20 91
0 16 86
1 20 58
0 36 63
1 65 82
0 72 77
1 37 62
0 21 61
1 82 98
0 47 65
1 86 100
1 91 95
1 79 88
0 20 81
0 91 94
1 4 65
0 75 85
1 60 70
0 35 79
1 59 83
1 66 96
0 9 91
1 73 79
0 96 96
1 48 93
1 56 61
1 50 88
0 28 61
0 57 69
0 80 83
0 83 89
1 98 99
0 23 38
0 34 93
1 28 94
0 46 82
0 25 42
0 81 96
1 95 100
1 78 86
1 99 99
0 58 80
0 83 100
0 30 31
0 83 83
0 9 60
1 14 65
1 17 96
0 51 80
1 55 62
1 71 95
1 90 99
1 54 61
0 43 76
0 9 66
0 51 84
0 80 86
1 23 90
1 69 69
1 22 44
0 69 73
1 9 15
0 20 76
0 85 85
0 31 82
1 46 50
0 22 96
0 91 98
0 75 94
0 92 95
1 96 100
0 43 59
1 94 95
1 4 11
1 84 88
0 83 89
1 84 88
0 72 98
1 7 54
0 90 95
0 57 92
0 10 58
1 75 86
1 29 61
0 16 91
1 13 52
0 66 72
1 64 72
1 61 63
0 70 70
1 81 97
1 23 30
1 35 82
0 77 87
0 40 42
0 78 90
1 36 50
0 40 71
1 1 51
1 90 99
1 13 28
0 99 100
0 24 41
0 28 74
0 63 84
1 53 57
0 46 74
0 12 25
1 35 68
0 43 87
0 47 91
0 6 18
1 89 94
1 75 96
1 22 85
1 94 99
0 62 98
1 52 94
1 6 11
0 8 69
0 28 72
1 100 100
1 29 42
1 20 67
0 96 100
0 76 79
0 13 99
0 92 99
0 57 70
0 33 49
1 51 94
0 93 93
1 8 57
1 82 88
0 79 79
0 57 81
0 14 52
1 2 44
1 41 77
1 33 82
1 81 89
0 26 68
0 2 56
0 32 86
0 88 90
1 37 68
0 56 100
1 11 42
0 49 51
0 24 44
0 82 85
0 36 95
0 22 72
0 78 93
1 94 100
1 15 49
0 59 59
0 33 46
0 67 97
1 24 94
1 68 80
0 39 69
0 89 94
1 72 81
0 19 70
0 14 93
1 36 61
0 50 51
0 57 97
0 32 42
1 55 83
1 92 98
1 61 62
0 100 100
0 28 65
0 62 95
0 40 73
0 47 60
0 2 85
0 52 94
0 95 95
0 6 99
1 74 75
1 41 78
0 39 74
1 41 92
1 39 44
0 31 56
1 65 86
1 79 99
0 17 91
1 57 90
1 6 98
0 50 63
1 52 78
1 11 58
0 72 85
1 92 94
0 61 68
1 45 81
1 8 76
0 85 98
0 5 69
0 84 99
0 20 73
0 5 35
1 95 95
1 86 96
0 22 52
0 54 98
1 5 83
0 84 90
0 89 89
0 10 43
0 51 63
1 68 80
0 60 70
1 94 95
0 70 89
1 50 65
1 24 92
1 10 55
0 29 86
0 88 96
1 86 91
1 56 92
1 2 10
0 92 98
1 41 64
1 59 64
1 8 25
0 94 95
1 41 81
1 78 84
1 31 58
0 80 96
0 18 34
0 19 98
1 27 88
1 68 72
1 21 22
0 22 85
0 73 92
1 97 99
1 26 91
0 38 60
1 23 40
0 63 85
0 18 26
0 46 90
1 92 94
0 37 63
1 91 92
1 77 79
0 30 55
1 38 60
1 99 99
0 79 93
0 97 100
1 41 51
1 18 96
1 14 77
1 12 80
0 13 17
0 77 95
0 10 22
0 18 25
1 35 48
1 69 100
1 21 38
0 21 98
0 17 92
1 22 30
1 28 54
0 62 78
1 72 73
1 98 98
1 26 99
1 32 38
0 67 75
0 49 53
0 29 61
1 33 68
0 64 79
0 80 96
1 49 79
0 38 69
0 31 43
1 79 98
0 76 88
1 58 93
0 4 35
0 72 83
1 86 90
0 2 55
0 19 40
1 22 96
0 14 50
0 33 56
1 49 56
1 63 90
1 15 49
1 56 79
0 10 91
1 50 91
0 97 98
0 68 83
0 92 93
1 30 84
0 23 56
1 40 80
1 41 100
1 61 71
1 85 86
0 13 99
0 77 84
1 45 87
1 84 84
0 53 68
1 18 28
0 21 45
1 24 81
1 62 97
1 12 79
0 25 79
1 82 89
0 3 25
1 38 86
0 1 56
0 80 93
1 4 90
0 82 95
1 14 15
1 38 48
0 11 34
1 11 89
1 90 100
1 89 94
0 19 67
0 56 80
1 96 99
0 68 82
0 78 88
0 63 95
0 99 100
0 6 45
0 4 81
1 79 85
1 92 100
1 78 83
0 15 38
1 72 88
0 27 59
1 82 97
1 57 87
0 77 92
1 25 43
0 54 94
1 88 91
0 15 40
1 72 78
1 48 97
1 21 50
0 79 92
1 13 45
1 93 94
0 62 79
0 67 81
1 17 77
0 38 78
0 68 78
1 14 29
0 92 97
1 11 90
1 25 98
0 70 88
1 53 60
1 43 71
0 95 96
0 48 49
0 70 77
1 81 92
1 57 88
1 30 51
0 96 96
0 76 95
0 93 98
0 30 54
0 52 59
0 77 89
0 44 96
1 54 69
1 58 79
0 95 98
0 19 22
0 37 66
0 98 100
0 52 88
0 74 90
0 1 87
1 32 76
1 68 96
1 65 71
1 37 54
0 9 44
0 47 52
1 21 87
0 81 86
0 95 100
0 86 86
1 71 95
0 11 86
0 17 20
0 70 96
1 73 89
1 19 99
0 88 98
1 31 83
0 91 98
1 33 96
0 46 94
1 95 99
1 27 84
0 76 79
1 32 55
1 76 89
1 15 71
0 8 48
1 26 42
1 42 88
0 74 93
0 45 90
0 90 93
0 46 50
1 94 97
1 82 84
0 92 96
1 23 78
1 66 78
1 60 98
0 26 97
0 61 92
0 37 91
1 73 93
0 90 94
0 11 91
0 88 98
0 82 92
0 90 95
0 11 97
1 71 83
0 87 98
1 1 31
0 8 9
0 25 29
1 81 82
0 90 96
1 49 79
0 8 39
1 84 96
0 63 65
0 92 97
1 59 75
1 68 91
1 95 96
1 36 71
1 20 29
1 28 48
0 71 93
0 81 93
0 82 91
0 83 100
1 58 90
1 90 90
0 43 65
1 80 97
0 85 90
1 66 73
1 66 72
1 76 84
0 24 79
0 3 43
1 34 92
0 18 81
1 36 38
0 60 83
1 6 92
0 62 91
0 82 98
1 18 98
0 96 97
1 95 99
0 78 96
0 12 79
0 49 65
1 44 94
1 81 99
1 40 52
1 21 45
1 84 94
0 88 90
1 58 83
0 56 71
0 4 96
1 16 18
0 4 9
0 36 93
0 99 99
0 29 47
0 3 70
0 6 65
1 74 86
0 15 81
0 75 76
1 1 12
1 84 90
0 98 100
1 94 98
0 7 27
1 98 98
0 11 62
1 92 100
1 5 74
0 7 18
0 88 95
0 67 68
1 85 93
0 47 62
0 86 92
0 37 86
0 4 89
0 83 91
0 100 100
0 8 96
0 21 96
0 75 83
0 19 82
1 94 98
1 100 100
0 19 23
0 12 46
1 12 12
1 44 84
1 3 34
0 43 98
0 29 55
1 58 74
0 18 31
0 83 83
0 69 94
1 4 58
0 11 55
1 55 97
0 64 77
0 99 100
1 34 42
1 33 53
1 35 96
0 91 92
1 60 67
1 7 57
0 22 89
0 3 77
0 58 93
1 44 95
0 51 75
0 13 33
1 41 92
1 50 50
0 54 72
0 86 90
1 21 21
0 95 98
0 73 100
0 59 75
0 98 100
1 14 73
0 22 86
1 100 100
0 39 87
0 65 70
1 51 53
0 15 31
1 80 97
1 29 59
0 32 32
1 48 74
0 58 64
0 36 43
1 44 51
0 65 86
0 69 87
1 56 83
1 7 63
0 23 94
1 4 93
1 85 96
1 33 68
0 39 54
1 46 72
1 97 98
1 97 97
0 96 98
1 69 79
0 88 89
1 44 74
0 86 99
0 93 98
0 29 47
0 32 85
0 59 97
1 61 62
1 16 35
0 18 65
1 79 81
1 64 75
0 70 86
0 72 86
1 75 93
1 39 62
0 24 47
0 79 79
0 93 100
1 52 90
1 65 100
0 85 94
0 18 38
1 75 95
1 88 90
0 26 32
1 19 53
0 11 79
1 25 85
1 49 56
1 10 28
0 82 93
0 38 61
0 25 45
0 14 14
1 45 49
0 100 100
1 91 94
0 4 14
0 4 4
1 56 92
1 75 93
0 99 100
0 75 96
1 45 88
1 28 86
0 14 68
0 14 82
0 83 99
0 23 86
0 34 62
1 28 33
1 15 69
1 70 83
0 50 97
0 54 87
1 28 42
0 83 93
1 57 78
1 90 90
1 81 98
1 43 51
0 30 60
1 23 29
1 67 98
1 66 93
1 64 79
1 70 88
0 54 62
0 53 74
0 24 84
0 81 99
0 97 98
1 65 65
1 50 51
0 92 94
0 64 82
1 7 10
0 30 32
0 78 99
0 94 95
1 24 45
1 18 36
1 20 52
0 95 95
0 51 68
0 17 49
0 80 93
1 26 82
1 1 27
0 23 29
1 16 94
0 25 78
1 19 70
1 38 82
1 86 88
0 42 75
1 17 90
0 61 90
0 38 69
0 50 89
0 79 100
1 11 82
0 49 88
1 53 89
0 45 83
1 55 95
0 83 87
1 100 100
0 7 87
0 12 68
0 90 95
1 74 84
0 97 98
0 70 88
1 79 93
1 91 91
1 76 86
0 86 99
1 75 89
1 79 90
1 11 84
1 72 92
1 84 87
1 6 27
0 63 79
1 19 43
0 53 57
0 58 60
1 43 44
1 26 33
1 51 73
1 75 80
0 95 96
1 93 94
0 1 44
0 69 77
1 31 48
0 74 75
0 23 23
0 6 78
1 19 59
1 8 22
1 74 90
0 31 92
0 7 58
1 23 76
1 79 82
1 68 77
0 26 100
1 48 90
0 54 77
1 13 37
0 13 42
1 88 93
1 64 82
1 70 72
1 74 89
1 33 51
1 15 82
0 39 98
0 78 91
0 95 99
1 15 18
0 30 36
1 6 98
0 45 93
1 63 99
0 71 98
1 77 77
1 69 82
0 55 71
0 36 56
0 77 79
1 92 98
0 60 92
0 78 94
0 84 91
1 23 67
0 10 97
1 1 2
0 70 85
1 68 91
0 63 100
1 57 83
0 85 93
0 27 94
0 24 42
0 77 92
0 57 84
0 50 77
1 2 4
1 68 97
1 44 90
1 20 85
0 65 81
1 35 45
0 91 92
0 63 95
1 30 43
0 73 92
0 97 100
0 85 97
1 27 31
0 29 74
1 25 34
1 1 75
0 74 76
0 86 94
0 92 99
0 81 93
1 28 51
0 94 100
1 98 99
0 89 90
0 57 83
0 85 89
0 31 34
1 92 100
0 37 56
0 59 93
1 39 89
0 61 68
0 34 67
1 23 99
1 59 69
1 47 67
1 61 62
0 63 75
0 65 78
0 65 79
1 24 57
1 84 100
0 78 94
1 45 49
0 13 96
0 25 74
1 48 91
1 32 49
1 47 61
0 20 87
0 6 17
0 15 78
0 20 26
1 84 89
0 21 92
0 86 92
1 27 52
1 90 93
1 7 58
1 51 70
1 22 73
1 25 76
1 26 92
0 46 46
0 23 100
0 47 69
1 81 95
1 69 90
0 28 91
1 3 68
0 27 65
1 77 87
0 76 89
1 39 47
1 100 100
1 27 76
1 12 86
0 24 94
1 68 96
1 1 5
1 97 99
1 53 82
0 39 87
0 70 100
1 67 95
1 25 88
0 9 50
0 37 83
0 13 35
0 13 34
1 65 86
0 23 24
0 32 70
1 56 63
0 49 97
0 61 77
0 9 31
0 3 6
0 47 81
1 10 64
0 61 72
1 43 70
0 91 97
0 49 58
1 64 81
1 86 86
0 67 91
0 79 89
1 13 99
1 81 95
1 81 95
1 79 91
1 18 57
0 60 74
1 29 42
1 94 99
0 8 89
1 25 98
0 85 94
1 5 7
1 46 71
0 37 39
0 27 45
0 60 67
1 80 93
0 56 97
0 63 94
1 63 64
1 52 98
0 85 90
1 13 66
0 77 95
1 13 59
1 37 55
0 12 70
1 17 49
0 36 73
1 11 92
0 1 5
1 53 60
0 69 87
0 79 99
0 72 79
0 99 100
0 37 64
0 75 78
0 38 69
0 53 64
0 16 34
0 63 94
0 59 87
0 61 91
0 57 83
1 36 73
0 99 100
0 3 53
1 33 43
0 12 55
1 43 46
0 63 65
0 89 96
0 13 36
0 19 90
0 70 93
0 19 26
0 64 96
0 99 100
1 12 70
0 77 83
0 4 21
1 56 92
1 76 90
1 62 67
1 83 96
1 2 34
1 86 96
1 11 51
1 38 65
0 84 96
1 92 96
1 81 97
1 21 23
0 16 76
0 19 89
1 35 43
0 64 64
0 75 87
1 24 81
1 39 53
1 32 91
1 76 90
1 11 76
0 47 98
1 13 89
1 45 75
1 20 57
0 34 62
1 18 63
1 21 38
0 92 99
0 90 91
1 99 100
0 54 57
1 45 97
1 71 98
0 66 94
0 32 67
0 27 63
0 26 83
1 10 52
0 49 74
0 5 81
0 53 58
0 95 96
1 88 93
1 95 98
1 49 92
1 75 81
0 98 100
1 48 84
1 95 96
1 54 71
1 30 91
0 74 87
1 60 78
1 19 49
0 70 84
1 65 67
0 36 76
0 12 18
0 85 96
1 21 83
0 94 99
1 93 96
0 72 85
1 10 68
1 40 58
1 26 62
0 61 85
1 76 94
0 68 68
1 80 89
1 36 50
0 48 58
0 43 84
0 70 71
0 81 83
0 50 52
1 57 88
0 34 57
0 77 77
1 88 91
0 32 37
0 97 98
1 51 85
0 53 84
1 9 32
1 30 36
1 23 79
0 2 49
1 1 47
0 15 79
0 39 81
1 89 91
1 66 99
1 21 29
0 35 50
0 56 97
0 23 27
0 61 80
0 25 28
0 28 93
1 3 14
1 26 48
0 27 34
1 76 77
0 23 36
0 49 97
1 3 74
0 53 100
1 62 62
0 51 70
1 79 99
0 50 65
1 6 52
1 6 7
1 19 20
0 13 71
1 74 98
0 5 49
1 22 22
0 60 100
1 59 75
0 23 27
1 80 98
0 9 80
0 79 88
0 18 46
0 35 73
0 9 99
0 88 91
1 61 64
1 75 79
1 1 2
0 31 56
0 39 45
1 95 97
0 1 96
1 72 100
1 28 61
0 44 60
0 22 44
1 76 94
1 31 85
0 28 93
1 97 99
0 70 89
1 14 34
1 9 49
0 56 62
0 8 80
0 64 81
1 96 98
1 89 96
0 55 75
1 41 75
0 6 63
1 71 72
1 8 56
0 79 96
1 32 62
1 61 66
1 85 86
1 26 89
0 81 90
0 69 85
0 25 55
0 9 64
1 61 79
1 62 87
1 56 89
0 61 95
0 66 71
1 51 71
1 57 74
1 20 62
0 18 75
1 27 83
0 98 99
0 14 53
0 85 87
0 11 43
1 60 80
0 64 82
1 61 93
1 24 24
1 30 95
0 49 55
0 44 51
0 13 82
0 26 42
0 18 23
1 78 100
1 28 97
0 5 91
0 53 60
0 48 94
0 30 92
1 43 63
0 57 80
0 46 87
0 83 97
1 22 77
1 72 92
1 8 87
1 70 76
1 2 86
1 11 73
1 93 97
0 55 82
1 72 92
1 96 99
1 28 92
0 67 86
0 50 58
0 43 52
0 67 83
1 88 98
1 59 85
1 27 70
1 4 97
1 24 65
1 65 84
1 95 98
1 100 100
1 99 100
0 97 97
1 6 49
1 76 77
0 57 65
1 83 88
0 37 84
0 90 98
1 63 78
1 7 86
1 28 73
1 16 91
0 93 96
0 64 100
1 3 32
0 90 92
1 85 94
1 76 84
0 68 80
0 83 83
1 20 25
1 63 89
0 59 64
1 40 100
0 17 75
1 53 55
0 32 56
0 64 94
0 43 82
0 55 68
1 31 59
0 30 61
0 99 99
1 73 78
1 93 97
1 99 99
0 13 58
0 23 59
0 77 95
1 39 39
1 1 61
1 34 95
0 75 96
0 85 94
0 50 96
1 13 74
1 82 86
0 90 100
0 75 79
1 19 91
1 5 37
1 79 80
0 39 93
1 38 74
0 33 59
0 75 87
1 99 100
1 18 74
1 45 59
1 46 82
0 76 95
0 20 56
0 93 96
0 54 100
1 24 46
0 96 97
1 78 87
1 13 53
1 25 98
0 36 81
0 25 70
0 20 100
1 68 87
0 15 82
1 63 95
0 21 22
1 25 66
1 22 52
1 55 76
0 43 75
0 62 75
0 19 56
1 33 77
1 80 99
1 31 35
0 34 62
0 4 17
0 37 45
1 16 96
1 68 85
0 38 86
1 7 38
0 78 82
0 97 98
0 7 87
0 89 93
1 79 88
1 15 52
0 53 56
0 90 100
1 8 62
0 78 99
0 26 38
1 92 97
1 86 94
1 78 88
1 72 95
1 12 84
1 3 25
0 47 85
1 77 83
1 70 85
0 84 99
0 90 95
0 96 100
1 8 64
0 7 48
0 90 98
0 8 30
1 41 86
1 49 53
0 9 18
0 3 22
0 60 92
1 59 63
0 23 60
1 77 97
1 50 77
0 79 85
0 16 45
1 64 99
1 56 59
0 2 69
1 6 91
1 17 67
1 9 19
0 100 100
0 6 85
1 31 72
0 24 29
1 60 75
1 8 39
1 16 58
0 12 24
0 94 98
1 61 80
0 13 91
0 63 65
1 22 55
0 90 98
0 35 46
1 11 99
1 15 70
0 55 99
1 20 63
1 10 27
1 24 81
0 13 45
1 17 31
0 63 94
1 13 59
1 22 64
1 60 88
1 3 7
0 91 92
0 89 93
1 93 93
1 47 59
1 71 88
0 63 78
1 83 84
0 31 45
1 23 80
1 46 90
1 16 53
0 47 63
1 4 29
1 7 16
1 21 45
0 3 15
0 77 90
0 83 96
1 51 68
0 10 48
1 76 90
1 71 71
0 77 90
1 26 69
0 18 71
1 32 41
1 100 100
0 28 77
1 91 98
1 81 99
0 53 99
0 45 75
1 72 97
1 18 99
0 64 81
1 9 80
1 5 70
1 50 60
1 55 95
1 7 98
1 85 93
0 65 73
1 73 73
1 79 96
0 13 83
0 32 62
1 15 33
1 97 98
0 24 86
0 4 77
1 13 40
1 100 100
1 6 75
1 90 97
0 89 89
1 35 57
1 20 31
1 18 52
0 54 90
1 69 95
1 41 56
0 19 54
1 40 44
0 13 53
1 33 35
0 2 99
1 36 52
1 25 79
1 29 54
0 84 97
0 26 98
1 34 34
0 99 99
0 15 69
1 27 77
0 3 28
1 24 53
0 95 95
1 92 93
0 93 97
0 67 80
1 11 33
0 64 88
0 48 83
0 6 81
0 90 96
0 62 96
1 88 89
0 92 94
1 36 77
0 86 97
0 58 65
0 18 23
1 35 62
1 38 44
1 60 87
1 43 72
1 50 81
1 95 99
0 71 78
0 55 91
1 41 77
0 12 96
1 45 58
1 70 81
1 86 97
0 23 25
1 60 75
1 30 34
1 38 40
1 58 81
1 20 44
1 83 83
1 80 86
1 2 62
0 61 91
1 63 80
1 83 93
0 51 90
0 5 19
1 42 76
1 42 77
1 6 8
0 20 22
0 29 40
0 96 98
0 9 65
1 62 84
1 68 68
1 34 54
0 11 56
0 45 67
0 27 82
1 51 80
0 45 93
1 38 60
0 88 91
1 19 98
1 64 64
1 90 93
1 36 93
1 15 44
1 84 91
0 93 93
1 91 99
0 60 85
0 27 33
0 89 98
1 22 47
0 60 93
0 91 100
0 62 69
0 65 73
0 40 97
1 95 100
0 91 94
1 45 51
1 88 92
1 53 62
1 33 85
1 62 77
1 99 100
1 92 100
1 4 13
0 41 77
1 40 54
1 20 74
0 26 52
1 75 95
1 35 68
0 73 100
0 27 77
1 39 59
0 23 78
1 28 69
0 2 85
1 5 5
1 51 52
0 45 51
0 23 28
1 13 49
1 6 7
1 80 89
1 97 99
1 61 92
0 70 82
1 55 58
1 22 47
1 28 59
1 66 73
1 61 99
1 38 54
1 70 75
1 96 97
0 27 31
0 82 90
0 40 62
0 83 91
1 18 99
1 10 26
1 40 80
0 81 83
1 85 86
1 61 75
1 65 75
1 31 43
0 39 98
1 60 86
0 36 69
0 38 77
1 98 100
0 41 44
1 81 97
0 95 96
1 42 75
0 27 46
1 97 97
0 69 94
1 32 77
0 32 35
0 30 43
0 36 48
0 61 87
0 94 100
0 9 81
1 37 88
1 7 74
1 37 68
1 24 67
0 36 49
0 86 96
1 100 100
0 18 23
1 90 97
1 64 81
0 87 92
0 56 57
1 62 99
0 9 78
1 60 98
0 83 87
0 55 55
1 63 92
0 15 47
1 30 60
1 8 68
0 3 28
1 19 62
0 73 98
0 58 81
1 22 44
0 35 73
1 40 79
0 52 80
1 31 77
1 92 96
1 77 87
1 53 90
0 65 84
0 42 50
1 14 40
1 24 61
0 85 86
1 51 89
1 71 74
1 86 95
0 98 98
1 73 99
0 66 70
1 33 76
1 94 95
1 77 100
0 62 62
0 13 82
0 10 91
0 91 100
1 36 51
1 49 86
0 27 98
1 93 96
0 19 82
1 27 81
0 62 83
0 62 69
0 88 88
0 100 100
0 93 95
0 21 90
1 82 90
0 95 99
0 3 28
1 14 38
1 13 62
0 43 77
0 54 89
1 10 60
1 19 79
0 77 87
1 75 88
0 5 98
0 66 66
1 42 42
0 5 65
0 84 93
1 59 74
0 96 97
1 18 69
1 21 62
1 53 78
0 36 37
1 20 26
1 62 64
1 5 57
0 72 95
0 20 63
1 92 96
0 95 99
0 62 94
1 47 50
1 10 100
0 38 86
0 58 91
1 77 100
0 42 79
1 61 92
1 7 49
0 25 26
0 74 97
0 72 87
0 25 69
1 95 100
1 98 98
1 82 99
1 10 55
1 12 12
1 38 45
1 89 90
0 55 64
1 4 57
0 88 94
1 64 93
0 66 100
0 91 95
1 79 94
0 15 50
0 54 91
1 50 97
1 18 63
0 32 65
1 28 57
1 45 55
1 67 85
0 78 78
0 44 79
0 98 98
0 41 57
1 97 98
0 36 47
0 11 87
0 30 58
0 63 90
1 18 83
0 89 89
1 64 66
0 35 74
1 69 73
0 12 35
1 91 96
1 33 60
0 65 80
1 88 88
1 3 20
0 63 94
1 42 94
0 58 73
0 76 92
0 95 97
0 49 97
0 62 95
0 48 59
0 7 50
0 1 54
1 72 82
1 55 66
1 80 100
1 29 42
1 61 97
0 90 94
1 66 87
1 78 92
0 29 95
0 24 69
1 1 90
1 95 99
1 35 89
0 68 92
1 15 46
1 74 91
0 20 43
1 43 81
1 66 93
0 90 100
0 7 98
1 41 84
1 39 75
0 5 21
1 78 83
0 39 58
1 38 90
0 24 82
0 7 93
0 34 78
1 6 25
0 68 68
1 60 63
1 89 96
0 2 80
1 24 99
0 78 93
1 24 95
0 60 89
0 37 45
0 71 82
1 39 90
0 65 91
0 88 88
1 63 85
0 20 100
0 86 91
0 17 46
1 52 60
0 36 45
0 7 96
1 93 98
1 28 66
0 76 76
1 12 66
0 91 97
0 88 100
1 15 35
1 41 42
0 32 86
0 57 100
0 6 20
1 23 35
0 26 98
0 43 91
1 29 57
1 28 64
0 63 65
0 42 94
0 61 83
1 98 100
0 13 77
1 47 88
1 1 52
1 57 59
0 54 56
0 84 93
0 23 95
1 48 68
1 5 89
1 97 100
1 52 82
1 50 61
1 28 86
1 60 98
1 6 17
0 73 89
0 14 86
0 63 97
1 92 95
0 4 10
0 67 67
1 52 76
0 70 83
1 10 52
0 88 99
1 94 100
1 18 92
0 83 99
0 83 99
0 39 52
1 76 91
0 78 91
0 30 99
1 80 87
0 52 85
0 42 73
0 32 100
0 74 99
0 26 49
0 81 97
0 28 38
1 37 44
1 95 98
0 92 97
0 65 78
1 8 95
1 40 84
0 56 69
1 88 89
0 98 98
1 22 26
1 54 79
0 31 98
0 61 100
0 13 45
0 39 63
0 51 93
0 61 89
0 58 92
0 35 39
1 81 100
0 28 65
1 72 86
0 74 90
0 56 70
1 36 89
1 7 40
1 34 59
1 44 61
1 98 98
0 3 84
1 17 51
0 69 98
0 93 97
0 4 99
0 24 57
1 14 27
1 83 91
0 12 29
1 70 82
0 83 89
0 38 38
1 66 73
0 31 89
0 73 93
1 35 97
1 64 97
0 28 70
1 56 91
1 55 81
1 18 93
0 42 43
1 100 100
1 97 98
1 13 22
0 97 97
0 66 67
0 41 77
1 73 82
1 42 91
0 72 78
0 29 71
1 84 95
1 75 89
0 66 75
1 64 72
0 8 27
0 61 93
1 48 67
1 38 84
1 52 72
1 19 75
1 68 69
0 72 88
0 3 11
0 10 38
1 71 82
0 70 84
0 11 63
1 74 89
1 41 47
1 20 44
0 5 91
1 16 85
0 100 100
1 89 92
0 59 99
1 62 81
0 11 32
0 99 100
0 4 32
0 55 61
0 17 57
1 11 24
1 12 30
0 4 31
1 47 53
0 59 97
1 23 40
1 74 96
0 17 29
0 25 75
0 59 86
1 64 85
1 22 37
1 80 98
1 14 90
0 87 95
1 10 27
0 59 100
1 48 59
1 84 95
0 85 100
1 95 96
0 88 96
1 32 90
0 44 44
1 1 95
0 96 97
0 5 37
1 20 90
0 98 99
0 4 71
0 56 87
1 55 81
0 70 75
1 22 26
0 34 40
1 61 94
1 11 100
0 81 99
0 56 99
1 49 70
0 28 80
0 53 87
0 6 26
1 18 71
1 28 76
1 70 86
1 39 65
0 43 65
1 4 45
0 82 98
1 4 37
0 26 47
1 13 62
1 55 77
0 18 56
0 66 98
1 82 89
0 24 40
1 2 65
1 5 11
0 70 97
1 97 98
1 92 97
1 43 75
0 79 98
1 18 80
0 85 97
0 57 61
0 53 59
0 17 20
0 10 64
1 49 52
0 97 97
1 69 85
1 68 84
1 88 89
0 34 85
1 54 78
1 16 17
0 77 89
0 78 83
0 70 94
0 74 74
0 78 99
1 16 77
0 84 88
1 39 98
1 91 98
0 71 82
1 95 95
1 66 99
1 8 21
0 53 94
0 14 90
0 32 48
1 75 76
1 48 51
0 80 95
1 75 94
0 70 85
1 13 87
1 92 99
1 48 80
0 18 46
1 27 30
1 1 91
0 32 69
1 69 93
0 26 36
0 100 100
0 95 96
1 28 41
0 93 98
1 92 93
1 54 95
1 81 83
0 15 95
0 90 100
1 12 65
1 16 45
0 26 80
1 86 93
0 30 98
1 75 90
1 84 91
0 72 96
0 70 76
1 55 96
1 29 70
0 19 51
1 17 26
1 10 19
0 57 84
1 65 79
0 3 13
0 30 47
1 71 76
0 69 94
1 21 62
0 98 100
1 64 64
0 21 27
1 75 97
0 58 87
1 49 63
1 44 71
0 49 93
0 2 7
0 53 74
1 30 66
0 32 87
0 88 94
1 61 64
1 61 64
1 14 30
0 7 12
1 50 93
1 57 64
1 22 27
0 42 58
1 59 89
1 14 38
1 69 94
1 83 94
0 89 97
0 3 38
1 58 86
1 13 84
0 15 72
1 80 100
1 10 33
1 21 72
1 24 61
1 31 57
1 34 46
0 43 74
0 12 39
1 26 53
0 11 85
1 28 84
1 37 49
1 40 90
0 52 61
1 100 100
1 89 89
1 21 86
0 87 89
1 71 89
1 69 92
0 30 30
1 96 99
0 48 87
1 21 72
1 7 29
0 12 89
1 1 36
1 89 94
1 71 92
0 54 97
0 52 54
0 81 91
0 51 91
1 1 31
1 70 78
0 28 57
1 99 100
0 63 75
0 35 78
0 42 78
1 49 99
1 26 67
1 34 81
1 64 87
0 84 85
1 63 78
1 45 77
0 7 52
0 93 96
0 77 92
0 57 99
1 41 77
1 85 98
1 47 76
0 4 8
0 24 83
1 99 100
1 79 81
1 90 93
1 99 99
0 2 50
0 28 52
0 91 92
1 85 97
0 63 88
1 75 79
1 13 14
0 56 69
0 89 96
0 83 87
0 40 61
0 18 35
0 84 93
0 84 100
0 3 82
0 25 32
1 87 97
0 42 80
1 95 98
0 100 100
1 77 88
0 40 71
1 16 85
0 7 59
1 63 63
1 38 73
1 68 70
1 58 76
1 29 30
1 60 96
0 48 66
1 16 64
1 61 76
1 73 100
0 92 92
1 38 64
0 41 88
1 18 54
0 33 50
1 20 94
0 95 99
0 79 81
0 4 51
1 41 58
1 85 97
0 11 81
0 89 91
1 17 46
1 78 99
0 75 83
1 40 72
0 73 81
0 43 97
1 37 74
0 88 88
0 21 60
0 71 84
0 18 97
1 89 89
1 79 92
1 11 86
1 40 62
1 61 64
0 65 84
0 2 54
1 16 71
0 43 67
0 39 54
0 79 92
1 5 54
1 41 94
0 54 96
1 100 100
1 24 44
1 40 98
0 53 94
0 14 21
1 66 91
1 65 75
1 12 75
0 32 74
1 7 69
0 46 64
0 78 89
1 33 98
1 78 83
1 19 26
1 17 90
1 53 91
1 25 74
0 19 33
0 64 68
0 67 97
0 91 97
1 47 99
1 54 63
0 73 75
0 69 80
0 20 67
1 41 83
1 30 37
0 19 62
1 97 97
0 38 97
0 46 49
1 85 96
0 90 90
0 7 84
1 28 70
0 76 100
0 41 71
0 77 88
0 46 77
0 52 60
1 79 81
1 55 89
0 15 81
0 67 74
1 55 83
0 54 72
0 18 30
1 94 96
1 83 94
0 36 99
1 4 31
0 43 43
1 28 71
1 17 80
1 96 96
0 2 79
0 95 97
1 78 93
0 69 69
0 83 100
1 38 77
0 86 94
0 47 76
0 80 100
0 90 98
1 68 75
1 30 68
1 28 48
0 3 94
0 2 44
1 56 64
1 98 98
1 12 52
1 79 86
1 37 90
1 70 79
1 61 84
0 18 68
1 14 63
0 68 85
1 2 21
0 4 91
0 82 96
1 50 80
1 20 47
1 87 93
0 38 77
1 58 77
1 89 97
0 41 100
1 68 77
0 21 90
0 27 89
0 37 95
1 76 88
1 8 89
0 36 43
0 84 84
0 80 87
1 1 40
0 23 73
0 2 46
0 25 82
1 48 49
0 47 85
0 10 72
1 10 63
1 84 85
1 27 66
0 74 99
1 96 97
0 35 93
1 68 98
0 25 40
1 69 78
0 32 37
0 54 95
1 22 84
0 45 49
1 64 92
1 71 89
1 47 50
0 9 18
1 65 70
1 35 75
0 36 44
0 49 90
1 59 71
1 22 78
1 23 77
1 40 52
0 96 99
0 67 100
1 66 88
1 61 77
0 96 96
1 92 95
0 75 95
1 68 83
0 78 88
0 43 66
1 62 92
0 2 100
0 93 100
1 35 62
0 92 96
1 73 95
1 65 100
0 91 99
1 83 89
1 18 19
1 73 83
1 47 88
1 15 54
1 92 92
0 4 64
0 85 99
1 74 86
0 92 100
0 25 50
1 50 89
0 40 80
0 4 96
1 2 5
0 87 100
1 49 92
0 96 98
0 14 84
1 2 60
1 39 66
1 1 97
1 56 93
0 57 57
1 86 97
1 61 73
0 20 98
1 81 82
0 72 78
1 52 89
0 22 87
1 2 11
0 79 91
0 9 10
1 80 91
1 12 24
0 35 57
1 45 97
1 85 91
1 33 39
1 91 92
0 17 67
0 51 78
0 62 63
1 83 94
1 27 39
1 100 100
0 48 100
0 19 60
0 27 33
0 22 83
1 73 88
1 73 83
0 15 56
0 37 91
1 37 88
1 81 87
1 100 100
0 23 78
0 65 86
0 75 78
0 63 85
0 5 65
1 97 97
1 79 89
1 54 78
1 76 93
1 64 64
0 14 28
1 62 84
0 93 97
1 4 26
0 19 66
0 63 97
1 72 85
1 48 98
1 31 44
1 75 75
0 70 87
1 66 92
0 7 9
0 70 92
0 65 74
0 5 73
1 56 96
0 22 88
0 78 96
0 83 94
0 43 50
0 68 68
0 6 43
1 45 91
0 1 78
1 23 63
0 50 64
1 18 39
0 29 53
1 14 48
1 22 67
1 85 99
1 77 78
0 67 87
1 50 61
0 64 100
1 27 29
0 51 58
1 84 96
0 7 80
0 57 97
1 8 16
1 94 100
0 1 68
1 48 55
1 28 82
0 76 91
0 1 53
0 7 30
0 12 19
0 27 88
0 44 66
0 93 100
0 92 92
1 84 99
1 18 52
1 73 100
0 100 100
1 99 99
1 82 98
0 55 60
0 39 97
1 39 40
0 33 48
0 45 96
1 61 74
1 7 12
0 19 41
0 15 94
0 6 84
0 34 83
0 79 82
1 41 84
0 66 83
1 78 82
1 29 48
0 59 98
1 87 88
0 11 20
0 77 81
0 77 77
0 42 76
0 53 88
1 68 68
0 84 85
0 6 53
1 35 77
0 10 94
0 90 95
1 81 81
1 60 90
0 32 32
1 81 82
0 69 73
0 44 44
0 81 87
1 93 95
1 100 100
0 80 87
0 72 84
1 95 100
0 99 100
1 61 88
1 71 96
0 38 86
0 7 37
0 81 93
0 87 97
1 44 58
0 81 99
0 40 54
1 34 34
1 72 100
1 47 86
1 22 79
1 40 56
0 76 96
0 77 82
0 28 53
0 85 85
1 30 59
0 63 73
0 75 90
0 95 99
1 81 82
0 97 99
0 45 69
1 26 35
0 4 58
0 91 95
1 66 68
0 37 45
0 79 79
1 56 72
0 42 42
1 85 96
0 22 53
0 64 65
0 28 98
0 78 82
1 92 97
0 62 94
0 91 92
1 30 81
0 15 94
0 94 97
1 67 68
1 29 61
0 62 95
0 77 88
1 18 21
0 45 79
1 40 89
0 88 100
0 29 58
0 30 96
1 29 96
0 85 100
0 91 95
1 94 100
1 45 80
0 61 96
0 36 43
0 72 98
1 15 64
1 4 17
0 24 47
0 43 98
1 39 55
0 90 91
0 63 82
0 68 71
1 65 75
0 43 58
0 52 76
1 20 92
1 29 57
0 48 82
1 32 72
0 94 98
1 86 99
0 21 54
0 21 97
1 2 2
1 78 84
1 19 77
0 69 73
1 74 98
1 89 99
0 62 75
1 30 58
1 1 86
1 69 100
0 91 94
1 77 97
0 64 97
1 1 17
0 19 68
0 62 79
1 97 100
1 65 83
0 98 98
1 50 56
1 84 97
1 70 76
0 36 50
0 91 94
1 24 41
0 13 37
1 35 63
0 80 83
0 31 33
0 74 97
0 88 96
0 43 83
0 86 98
1 26 54
0 40 65
0 21 39
1 17 90
0 47 96
1 78 91
1 20 61
1 54 98
0 23 23
1 77 80
1 65 96
1 37 41
0 24 75
1 71 81
1 53 94
0 83 84
0 76 91
0 4 27
0 96 96
0 41 88
0 67 83
1 98 100
0 45 66
1 91 99
1 56 72
0 60 83
1 66 88
1 18 91
0 25 90
0 76 77
1 36 69
0 61 92
1 20 79
1 3 97
1 76 93
0 98 100
0 78 98
0 69 89
1 41 94
1 11 57
0 15 59
1 88 99
0 2 85
0 99 99
1 98 100
0 74 82
1 34 66
0 91 95
1 1 79
1 3 59
0 6 8
1 50 89
0 88 95
1 17 60
0 60 87
0 65 94
0 45 91
0 94 94
0 5 39
1 60 87
0 9 57
1 33 87
0 100 100
1 35 46
1 12 77
0 60 74
0 33 62
1 27 88
1 64 97
0 60 76
0 8 61
0 7 68
0 52 67
0 80 82
1 53 63
0 18 59
0 77 83
0 75 93
1 89 93
0 58 92
0 96 99
0 6 25
1 98 100
0 16 70
1 11 54
0 12 51
1 30 35
1 51 98
0 53 78
1 6 95
1 52 80
0 34 100
1 63 97
1 13 47
0 43 87
0 42 88
0 91 96
0 82 82
1 10 45
0 59 61
1 61 100
1 86 97
1 96 98
1 96 99
1 97 98
1 83 84
0 84 98
0 62 82
0 74 79
1 56 91
0 56 79
1 2 37
0 74 98
0 78 97
1 57 77
1 47 96
0 89 97
1 48 71
0 81 99
0 30 62
0 86 100
1 18 99
0 81 81
0 42 60
1 41 78
0 2 52
1 92 99
0 64 67
0 63 66
1 94 99
0 8 16
1 19 22
1 99 100
0 69 82
1 37 78
1 96 98
1 44 88
1 6 77
0 89 89
0 25 47
0 49 79
0 86 98
1 93 100
0 93 93
0 74 78
1 98 99
1 21 68
0 19 71
1 32 59
1 60 86
1 34 43
0 26 28
1 17 25
1 36 52
1 28 33
1 70 70
1 76 83
1 11 25
1 66 68
0 20 52
1 41 66
1 84 95
1 36 72
1 2 30
0 19 49
1 90 100
0 82 96
0 32 75
0 67 73
1 53 74
1 93 94
0 79 96
1 39 54
1 77 89
0 20 93
0 5 96
0 71 87
0 44 55
0 4 48
0 82 96
1 73 75
0 6 95
1 38 77
1 14 96
1 38 52
0 53 74
0 39 75
0 8 30
0 32 64
1 95 100
0 20 30
0 3 45
1 49 80
0 69 72
0 67 82
0 26 42
1 56 75
0 2 87
0 22 58
1 86 89
0 28 55
0 14 44
0 75 77
0 52 89
1 91 96
1 17 29
0 55 61
0 12 74
1 23 31
0 34 45
0 73 90
1 58 77
1 26 34
1 54 70
1 77 87
1 7 69
1 40 87
0 52 86
0 1 75
1 10 63
0 82 92
0 100 100
0 71 76
1 54 92
1 51 79
0 45 73
0 11 57
0 65 91
0 87 87
0 94 96
0 68 87
1 50 64
1 32 69
1 67 99
1 19 56
0 88 91
1 26 100
0 73 97
0 34 43
0 53 91
1 99 100
0 22 22
1 45 93
0 69 71
1 81 88
1 62 88
1 29 40
1 2 6
1 69 90
1 34 45
1 51 84
0 90 91
1 20 22
1 69 93
0 26 58
0 30 91
0 29 93
1 83 98
1 87 94
1 26 67
0 99 100
0 59 82
1 70 91
1 86 90
0 79 91
0 50 81
1 41 72
1 20 82
1 91 100
1 84 90
0 98 100
1 8 51
0 89 92
1 63 76
1 76 88
0 76 86
1 75 89
0 67 73
0 55 61
0 3 89
1 79 97
1 75 91
0 44 64
1 6 92
0 30 61
0 78 81
0 42 72
1 48 86
0 99 99
1 34 83
0 28 82
0 80 89
1 28 96
1 99 99
0 26 73
0 38 66
0 72 93
0 46 91
1 8 64
1 53 73
0 55 95
1 95 100
0 58 89
0 21 73
1 99 100
0 44 67
1 75 89
0 16 42
0 73 93
1 74 85
1 8 58
0 3 33
0 92 100
1 47 73
1 18 99
1 64 85
1 60 100
1 6 39
1 56 60
0 89 97
1 31 97
0 77 98
1 99 99
0 28 40
0 80 98
1 1 66
1 96 96
1 66 69
0 45 70
1 32 92
1 17 79
0 28 63
0 53 87
1 75 79
0 98 99
1 54 71
0 90 97
1 88 92
1 66 97
0 75 99
1 97 100
0 37 95
0 96 96
1 62 89
0 3 40
0 1 64
0 72 89
1 46 79
1 16 98
1 11 85
1 6 50
0 77 84
1 23 24
1 25 25
0 32 78
0 26 49
0 15 66
0 84 94
0 96 100
1 77 83
0 47 67
0 2 85
0 85 90
1 64 79
1 73 86
0 91 96
0 20 32
1 46 52
0 88 92
1 99 100
0 21 93
0 62 92
1 3 18
0 6 7
1 48 67
0 46 73
1 26 40
0 5 58
0 13 78
1 79 99
1 74 100
1 82 98
0 89 95
0 42 45
1 68 89
1 92 98
0 60 67
1 43 69
0 38 95
0 52 89
1 72 76
0 31 38
0 66 70
1 53 67
1 98 98
1 16 83
0 75 85
1 22 45
1 36 83
0 24 55
1 79 87
1 52 78
1 27 64
0 91 98
0 17 54
0 42 75
1 86 87
1 91 96
1 68 84
1 3 40
1 55 82
0 57 90
0 71 86
1 74 91
1 44 48
1 89 91
1 95 99
1 85 99
1 14 29
1 6 81
1 36 44
1 59 98
0 73 73
1 12 76
1 31 41
0 11 80
0 81 95
0 69 100
1 47 87
0 90 97
1 26 28
0 53 91
0 93 97
1 13 18
1 56 64
1 3 5
1 7 52
1 61 76
1 33 54
1 75 86
1 11 37
1 59 83
0 76 91
0 26 96
1 33 99
0 45 62
0 32 94
1 65 69
1 42 70
0 92 95
1 100 100
1 27 32
1 64 86
1 88 89
0 39 48
0 8 17
1 83 94
1 88 99
0 94 94
0 10 46
1 48 57
1 44 66
0 2 91
0 41 93
0 79 89
1 45 49
1 90 97
1 42 96
1 15 96
1 12 52
0 8 17
0 9 59
0 1 52
0 80 95
0 55 88
1 3 27
0 98 99
1 16 59
1 67 94
1 79 84
0 65 69
1 17 83
1 44 75
0 2 75
0 53 96
1 11 76
1 70 91
0 15 26
0 31 55
1 2 71
1 79 86
0 99 100
1 31 96
0 20 30
0 77 84
0 88 95
1 50 57
0 48 48
0 56 77
1 37 37
0 42 91
1 16 49
0 41 96
0 28 37
1 22 38
1 30 62
1 90 91
0 81 91
0 16 64
1 53 98
1 14 79
0 75 97
1 17 52
0 92 100
1 46 94
1 44 94
1 3 60
1 17 18
1 3 4
0 65 76
1 60 81
0 34 78
0 66 96
0 81 99
1 42 94
1 12 68
0 70 71
1 8 32
0 78 94
0 28 31
1 26 63
0 86 93
1 3 87
1 69 98
0 36 54
1 34 83
1 81 89
0 57 62
1 20 25
0 25 43
1 3 24
1 100 100
1 64 72
1 82 88
0 3 70
0 99 100
1 80 90
0 18 27
1 26 71
0 61 86
1 43 57
0 28 39
0 53 78
1 4 81
1 58 100
0 26 26
1 3 97
0 15 82
1 99 99
0 58 66
1 44 97
1 92 95
1 21 97
1 73 83
1 76 85
1 48 50
0 43 46
0 86 94
0 75 78
0 100 100
1 80 83
1 56 99
0 75 87
1 69 92
1 16 96
0 5 83
1 83 88
1 44 54
0 60 89
1 44 90
0 83 95
0 11 51
1 70 74
1 22 28
0 33 61
0 42 62
0 15 52
0 97 99
1 11 81
1 78 100
0 45 73
0 67 100
0 99 100
0 98 98
0 63 68
0 4 62
0 25 88
0 67 91
0 89 92
1 1 15
0 13 30
0 98 100
1 41 67
1 46 46
0 57 67
0 27 56
1 47 49
0 16 58
1 18 50
1 77 88
0 54 86
0 63 73
0 26 61
0 47 74
1 79 95
0 71 84
1 88 91
0 47 97
1 55 59
1 13 83
1 38 44
0 37 81
0 91 97
0 13 79
0 40 77
0 51 83
0 18 95
1 12 85
0 10 73
0 72 84
1 67 75
1 12 25
1 66 95
1 55 58
1 87 97
1 37 94
0 49 64
1 67 99
0 33 73
1 96 96
0 31 58
0 10 81
0 18 77
1 81 90
0 39 57
0 76 100
1 6 46
1 18 28
1 72 81
1 98 100
1 25 96
0 47 64
1 91 92
0 6 82
1 95 100
0 55 70
1 72 88
0 99 99
0 42 88
1 1 82
1 23 39
1 82 85
1 25 31
0 9 80
0 64 95
0 76 84
0 77 98
0 28 88
1 10 14
1 55 94
1 92 98
1 38 89
1 69 85
0 72 97
1 98 98
0 21 88
0 66 85
1 63 98
0 87 87
1 7 77
1 70 88
1 67 88
1 86 91
0 92 95
0 14 92
1 75 86
0 52 56
1 82 93
0 49 70
1 84 100
0 55 78
0 15 30
1 26 56
0 53 93
1 21 44
0 68 77
1 42 66
0 47 90
1 59 89
1 65 94
0 79 90
1 85 98
1 37 42
1 81 94
0 41 88
1 7 24
1 48 88
0 50 88
1 92 97
0 51 73
1 97 100
1 79 80
1 97 99
1 33 67
1 51 82
0 14 97
0 54 63
1 52 62
0 27 51
0 97 99
0 30 88
1 72 81
1 84 100
0 80 82
1 70 91
1 94 99
1 99 100
0 29 75
1 44 65
0 64 97
1 45 54
0 55 93
0 33 44
1 3 24
1 55 76
1 49 62
0 62 81
0 38 70
1 54 76
1 98 98
0 3 6
0 77 85
0 1 61
1 1 7
0 86 98
1 15 19
1 6 22
0 22 98
0 57 65
0 38 38
0 41 75
0 20 93
0 36 57
0 69 75
0 74 96
0 95 95
0 39 88
1 52 61
1 100 100
0 6 69
1 94 99
0 83 86
1 86 88
1 79 79
1 49 68
0 18 99
1 74 100
1 31 86
0 37 94
0 19 66
1 58 88
1 43 90
0 76 98
1 11 82
0 63 100
1 46 88
0 40 59
0 1 16
1 89 96
0 96 99
1 13 50
0 58 81
1 96 98
0 61 89
0 63 77
0 74 83
0 37 96
0 35 53
1 68 100
1 99 99
0 47 69
1 69 78
1 57 88
0 28 90
1 38 86
0 48 92
1 100 100
0 27 85
1 10 62
1 30 61
0 4 53
0 81 89
0 16 48
1 73 87
0 91 94
1 54 92
1 58 92
0 57 80
0 5 26
1 73 73
1 81 90
0 16 47
0 99 100
1 9 69
0 1 48
1 57 73
0 36 97
1 16 74
0 5 12
1 3 42
1 37 67
1 63 86
1 86 90
1 87 90
0 34 78
0 93 96
1 31 53
0 88 91
0 70 83
1 94 94
1 92 95
1 38 77
0 12 16
0 80 94
0 11 98
0 26 43
1 80 87
0 76 92
1 59 64
0 98 99
0 56 83
1 97 99
0 48 91
1 99 99
0 90 98
0 38 88
1 49 74
1 75 80
1 29 65
0 67 72
0 43 71
0 32 96
0 77 83
1 77 79
1 88 100
1 85 87
0 47 57
1 54 97
1 46 92
0 8 63
1 88 100
0 5 86
0 3 95
1 8 91
0 54 57
0 20 58
1 72 93
1 56 65
0 73 78
0 96 96
0 98 100
0 74 90
0 27 65
0 53 72
0 45 80
1 78 87
0 1 86
0 74 88
0 82 91
1 95 96
0 51 72
0 22 64
0 8 12
0 46 53
1 98 100
0 57 79
1 8 9
1 79 100
1 56 86
1 20 59
1 61 65
0 99 99
1 34 79
1 25 99
0 89 90
1 23 24
0 1 58
0 84 99
1 77 99
1 35 53
1 93 96
0 67 85
1 40 55
0 59 79
0 70 94
1 74 81
0 44 85
1 88 90
1 73 74
0 12 81
1 22 90
1 78 91
0 36 61
0 19 82
0 44 69
1 100 100
0 40 64
1 1 29
0 94 97
1 56 99
0 21 83
1 45 46
0 6 45
1 19 63
1 67 97
0 47 49
0 39 64
1 39 92
1 85 96
0 74 77
0 21 39
1 87 88
1 86 88
0 24 51
1 14 94
1 98 98
1 5 18
1 18 38
0 70 93
1 94 98
0 59 84
1 58 85
1 39 60
1 8 43
0 46 82
0 63 92
0 27 70
0 83 99
0 19 74
1 55 96
0 100 100
1 30 51
0 100 100
1 24 51
0 1 5
1 90 91
0 16 69
0 56 84
1 31 36
1 97 98
1 96 99
0 99 99
1 52 62
1 10 98
0 47 88
0 54 92